399.1989,0.06957157,0.4916784,0.034206838223088
401.1274,0.0740654,0.4768661,0.03531927844294
403.0559,0.08265121,0.446982,0.03694360314822
404.9844,0.09518969,0.4304707,0.040976372487083
406.9129,0.109713,0.4197721,0.0460544564073
408.8414,0.1197203,0.4078264,0.04882509895592
410.7699,0.1261274,0.3781275,0.0476922384435
412.6984,0.1347446,0.3378685,0.0455259558851
414.6269,0.1455433,0.3140013,0.04570078540629
416.5554,0.1567346,0.3050988,0.04781953837848
418.4839,0.1693415,0.2974545,0.05037139121175
420.4124,0.1832627,0.2880661,0.05279177126447
422.3409,0.1975796,0.2762378,0.05457895402888
424.2694,0.2124399,0.2670883,0.05674021174317
426.1979,0.2272733,0.2671432,0.06071451663656
428.1264,0.2417124,0.2691497,0.06505681994628
430.0549,0.2561904,0.2656105,0.0680468602392
431.9834,0.2692148,0.2598815,0.0699639460462
433.9119,0.2798485,0.2529148,0.0707778274078
435.8404,0.2922416,0.2459518,0.07187734755488
437.7689,0.310358,0.2450612,0.0760567039096
439.6974,0.3305096,0.2470893,0.08166538570728
441.6259,0.3467654,0.245414,0.0851010838756
443.5544,0.3604779,0.2439511,0.08793898023069
445.4829,0.3757903,0.2441767,0.09175923534601
447.4114,0.3906122,0.2405174,0.09394903075228
449.3399,0.4022117,0.2365808,0.09515556575536
451.2684,0.4142143,0.2382823,0.09869993609689
453.1969,0.4284261,0.2389987,0.10239328094607
455.1254,0.4407488,0.2338159,0.10305407734592
457.0539,0.4510482,0.2296144,0.10356716181408
458.9824,0.4636467,0.2308603,0.10703761625601
460.9109,0.4781495,0.2339405,0.11185853310475
462.8394,0.4919099,0.2359157,0.11604926839543
464.7679,0.5057639,0.236418,0.1195716897102
466.6964,0.5201858,0.2358128,0.12266647001824
468.6248,0.5341389,0.2348737,0.12545517975693
470.5533,0.5485954,0.235457,0.1291706270978
472.4818,0.5645205,0.2385437,0.13466280879585
474.4103,0.5812297,0.2408587,0.13999422994339
476.3388,0.5988908,0.2386532,0.14292720587056
478.2673,0.6178012,0.2353209,0.14538153440508
480.1958,0.6369574,0.2357059,0.15013461722866
482.1243,0.6559808,0.2369508,0.15543517534464
484.0528,0.6758276,0.2355293,0.15917720154868
485.9813,0.6977941,0.2339926,0.16327865572366
487.9098,0.7222379,0.2340511,0.16904057495669
489.8383,0.747179,0.2343774,0.1751218713546
491.7668,0.7707989,0.2352129,0.18130184458581
493.6953,0.7947049,0.2365317,0.18797290099533
495.6238,0.8210385,0.236835,0.1944506531475
497.5523,0.8496843,0.2366447,0.20107328626821
499.4808,0.8799073,0.2370233,0.20855853194009
501.4093,0.9103255,0.2376262,0.2163171893281
503.3378,0.9393948,0.2384254,0.22397558094792
505.2663,0.9686918,0.2389095,0.2314296735921
507.1948,1.001037,0.2379275,0.2381742308175
509.1233,1.036151,0.2366961,0.2452529007111
511.0518,1.072171,0.2369994,0.2541038836974
512.9803,1.107929,0.2378857,0.2635604657153
514.9088,1.143069,0.23818,0.27225617442
516.8373,1.17896,0.2382176,0.280849021696
518.7657,1.21663,0.2380013,0.289559521619
520.6943,1.254338,0.2376533,0.2980975650154
522.6227,1.291178,0.2381468,0.3074899089304
524.5513,1.328552,0.2396539,0.3183926681528
526.4797,1.366444,0.2414154,0.3298806248376
528.4083,1.403914,0.2429617,0.3410973320938
530.3367,1.440799,0.2440492,0.3516258433108
532.2653,1.476153,0.2446646,0.3611623832838
534.1937,1.510019,0.2450826,0.3700793825694
536.1223,1.544448,0.2457851,0.3796023061248
538.0507,1.579145,0.2475351,0.3908938154895
539.9792,1.6123,0.2500447,0.40314706981
541.9077,1.644449,0.2514684,0.4135269589116
543.8362,1.675309,0.2513305,0.4210562486245
545.7647,1.703165,0.2512269,0.4278808631385
547.6932,1.729542,0.2516454,0.4352312884068
549.6217,1.756609,0.2520022,0.4426693325398
551.5502,1.783403,0.2527077,0.4506796703031
553.4787,1.809437,0.2538981,0.4594126163697
555.4072,1.835349,0.2549925,0.4680002298825
557.3357,1.860847,0.2563637,0.4770536220539
559.2642,1.887086,0.2581894,0.4872256020884
561.1927,1.915413,0.2595206,0.4970891310078
563.1212,1.943757,0.2603621,0.5060806544097
565.0497,1.97042,0.2614571,0.515180298982
566.9782,1.996314,0.26258,0.52419213012
568.9067,2.021287,0.2636743,0.5329614348241
570.8352,2.04555,0.2651796,0.54243813078
572.7637,2.071721,0.2665448,0.5522064596008
574.6922,2.100588,0.2672557,0.5613941163516
576.6207,2.13054,0.2679765,0.57093465231
578.5492,2.160663,0.2690989,0.5814320365707
580.4777,2.189891,0.2703572,0.5920527990652
582.4062,2.217513,0.2716303,0.6023437214439
584.3347,2.244722,0.2727576,0.6122649853872
586.2632,2.271517,0.2739372,0.6222530067324
588.1917,2.296901,0.2758237,0.6335397323537
590.1202,2.323018,0.2780083,0.6458182850494
592.0486,2.352277,0.279495,0.657449660115
593.9772,2.383046,0.2806384,0.6687742165664
595.9056,2.41267,0.2821329,0.680693583843
597.8342,2.440531,0.2836159,0.6921733960429
599.7626,2.46766,0.2849281,0.703105675246
601.6912,2.495952,0.2865264,0.7151561411328
603.6196,2.525817,0.2883327,0.7282756353159
605.5482,2.555543,0.2899557,0.7409942594451
607.4766,2.58429,0.2912612,0.752703406548
609.4052,2.612489,0.292154,0.763249111306
611.3336,2.640914,0.2929227,0.7735836593478
613.2621,2.671506,0.2942654,0.7861317816924
615.1906,2.704705,0.2962717,0.8013275483485
617.1191,2.737566,0.2983735,0.816817148901
619.0476,2.768847,0.3002374,0.8313114242778
620.9761,2.800267,0.3019146,0.8454414911982
622.9046,2.831395,0.3036144,0.859652294088
624.8331,2.86051,0.3054801,0.873828880851
626.7616,2.888485,0.307058,0.88693242713
628.6901,2.916999,0.3075953,0.8972551825047
630.6186,2.946383,0.3074141,0.9057596782003
632.5471,2.975683,0.3080556,0.9166758119748
634.4756,3.00299,0.3103886,0.932093861914
636.4041,3.028318,0.3134798,0.9493165209764
638.3326,3.05409,0.3160784,0.965331880656
640.2611,3.080398,0.318207,0.980204206386
642.1896,3.105205,0.3203336,0.994701496388
644.1181,3.128752,0.3222811,1.0083376361872
646.0466,3.15245,0.32396,1.021267702
647.975,3.177085,0.3257541,1.0349484647985
649.9036,3.204153,0.3276888,1.0499650515864
651.832,3.234258,0.3295447,1.0658325823326
653.7606,3.265603,0.3314884,1.0825095135052
655.689,3.296012,0.3334991,1.0992170355892
657.6176,3.323776,0.3352027,1.1141386893952
659.546,3.348739,0.3367203,1.1275884007017
661.4745,3.372709,0.3385651,1.1418815598559
663.403,3.394853,0.3408407,1.1571040729171
665.3315,3.412625,0.3432373,1.1713401909125
667.26,3.429835,0.3453976,1.184656777396
669.1885,3.452558,0.3471861,1.1986801470438
671.117,3.478471,0.3488849,1.2135860069879
673.0455,3.502037,0.3508147,1.2285660595439
674.974,3.523834,0.35297,1.24380768698
676.9025,3.546723,0.3553131,1.2601971439713
678.831,3.571499,0.3578095,1.2779162714405
680.7595,3.598387,0.3602413,1.2962876107831
682.688,3.626219,0.3625257,1.3145975813283
684.6165,3.652928,0.3648126,1.3326341612928
686.545,3.678885,0.3669612,1.350008054262
688.4735,3.705291,0.3688513,1.3667014022283
690.402,3.731559,0.3708679,1.3839154500561
692.3305,3.756893,0.3732634,1.4023106546162
694.259,3.781155,0.3757313,1.4206982836515
696.1875,3.804629,0.3780726,1.4384259780654
698.116,3.828271,0.3804998,1.4566563498458
700.0445,3.852118,0.383149,1.475935159582
701.973,3.874991,0.3859065,1.4953842143415
703.9015,3.896863,0.3886259,1.5144218905517
705.83,3.918297,0.3911335,1.5325772196495
707.7585,3.938633,0.3932375,1.5488181943375
709.687,3.956865,0.3951094,1.563394556031
711.6155,3.972183,0.3973778,1.5784573417374
713.5439,3.98459,0.400285,1.59497160815
715.4725,3.995979,0.4033054,1.6115999089866
717.4009,4.007846,0.4059686,1.6270596296356
719.3295,4.019303,0.4084923,1.6418543268669
721.2579,4.029839,0.4112152,1.6571310503528
723.1865,4.040109,0.4141672,1.6732806322248
725.1149,4.050052,0.4172197,1.6897614804244
727.0435,4.060124,0.4201298,1.7057790840952
728.9719,4.071353,0.4228339,1.7215060672667
730.9005,4.082625,0.4256649,1.7378301623625
732.8289,4.092331,0.4286963,1.7543671580753
734.7574,4.101485,0.4315461,1.7699798559585
736.6859,4.112008,0.4342094,1.7854725264752
738.6144,4.124205,0.4370171,1.8023481089055
740.5429,4.136656,0.4399504,1.8199234618624
742.4714,4.147662,0.4429795,1.837329238929
744.3999,4.157691,0.4462636,1.8554261533476
746.3284,4.168479,0.4496353,1.8742953057087
748.2569,4.17998,0.4528117,1.892743849766
750.1854,4.191561,0.4559175,1.9110060122175
752.1139,4.203778,0.4590347,1.9296799730966
754.0424,4.216485,0.4620145,1.9480772090325
755.9709,4.229448,0.4649707,1.9665693971736
757.8994,4.243754,0.4681239,1.9866026731206
759.8279,4.258828,0.4714307,2.0077422652196
761.7564,4.272593,0.474816,2.028695517888
763.6849,4.285488,0.4782542,2.0495526350496
765.6134,4.298866,0.4816338,2.0704791672708
767.5419,4.312128,0.4849116,2.0910008878848
769.4704,4.324791,0.4881381,2.1110952616371
771.3989,4.337165,0.4913566,2.131094648039
773.3274,4.349063,0.4946872,2.1514257980936
775.2559,4.360281,0.4981824,2.1722152532544
777.1844,4.369908,0.5016567,2.1921936265836
779.1129,4.376455,0.505011,2.210157916005
781.0414,4.380028,0.5083885,2.226755864878
782.9698,4.381153,0.5118113,2.2423236124289
784.8984,4.379667,0.5150977,2.2559563984659
786.8268,4.376688,0.5182109,2.2680474274992
788.7554,4.372006,0.5214291,2.2796911537746
790.6838,4.362345,0.5250994,2.290664742093
792.6124,4.348508,0.5291908,2.3011904273264
794.5408,4.33656,0.5332634,2.312528729904
796.4694,4.329216,0.5370382,2.3249543680512
798.3978,4.325389,0.5406664,2.3385924992296
800.3264,4.325256,0.5443459,2.3544353700504
802.2548,4.328864,0.5480815,2.372570274416
804.1833,4.335653,0.551794,2.392387311482
806.1118,4.346117,0.5554603,2.4140954526551
808.0403,4.359118,0.5591235,2.437285313073
809.9688,4.371736,0.5628253,2.4605236257208
811.8973,4.381563,0.5665825,2.4825169184475
813.8258,4.385623,0.5704443,2.5017536422989
815.7543,4.383983,0.5742982,2.5177135457306
817.6828,4.38328,0.5779048,2.533118551744
819.6113,4.387426,0.5814552,2.5510916623152
821.5398,4.392923,0.5853824,2.5715398087552
823.4683,4.399006,0.589535,2.59336800221
825.3968,4.408939,0.5935022,2.6167149961658
827.3253,4.421911,0.5973082,2.6412436999702
829.2538,4.435357,0.6010336,2.6657985849952
831.1823,4.448447,0.6047073,2.6900083745631
833.1108,4.458901,0.6086775,2.7140327134275
835.0393,4.465617,0.6130032,2.7374375109744
836.9678,4.471128,0.6172214,2.7596758837392
838.8963,4.476312,0.621258,2.780944640496
840.8248,4.480682,0.6253337,2.8019214535834
842.7533,4.485961,0.6291861,2.8225043063421
844.6818,4.492233,0.6326969,2.8422218931777
846.6103,4.497631,0.6362842,2.8617715427302
848.5388,4.503022,0.6400559,2.8821857989298
850.4673,4.509292,0.6438641,2.9033712352172
852.3958,4.515121,0.6478239,2.9250032951919
854.3243,4.521165,0.6518371,2.9470630822215
856.2527,4.528918,0.6556898,2.9695653376364
858.1813,4.537609,0.6596594,2.9932764303746
860.1097,4.547276,0.6638287,3.0186123156212
862.0383,4.558821,0.6677861,3.0443172961881
863.9667,4.571294,0.6716387,3.0702579594778
865.8953,4.584919,0.675607,3.097603370833
867.8237,4.601651,0.6789796,3.1244271553196
869.7523,4.62006,0.6814523,3.148350513138
871.6807,4.636445,0.6843089,3.1727605778605
873.6093,4.65075,0.6885275,3.202169270625
875.5377,4.667054,0.6932821,3.2355849979334
877.4662,4.689317,0.6974235,3.2704398747495
879.3947,4.717512,0.7008696,3.3063607484352
881.3232,4.747914,0.7040257,3.3426534773898
883.2517,4.777497,0.7071783,3.3785422067151
885.1802,4.8055,0.7105847,3.41471477585
887.1087,4.831481,0.7142762,3.4510118890522
889.0372,4.855797,0.7179138,3.4860436762986
890.9657,4.879893,0.7212502,3.5196238022286
892.8942,4.90401,0.7244207,3.552566357007
894.8227,4.927468,0.7276628,3.5855351617904
896.7512,4.950408,0.7310482,3.6189868576656
898.6797,4.973625,0.7344079,3.6526694916375
900.6082,4.998121,0.737471,3.685969291991
902.5367,5.023721,0.7402644,3.7188818118324
904.4651,5.048205,0.743175,3.751699750875
906.3937,5.071351,0.7463466,3.7849855762566
908.3221,5.095983,0.7494434,3.8191508258622
910.2507,5.122206,0.752192,3.852882375552
912.1791,5.147613,0.7546748,3.8847738112524
914.1077,5.172941,0.7570662,3.9162587856942
916.0361,5.200171,0.7594408,3.9492220243768
917.9647,5.22856,0.7617951,3.983091388056
919.8931,5.256706,0.7641449,4.0168850806994
921.8217,5.283959,0.7665779,4.0505661939061
923.7501,5.310118,0.7690973,4.0839974164814
925.6786,5.336327,0.7715597,4.1172948592219
927.6071,5.363331,0.7738754,4.1505499229574
929.5356,5.390156,0.7760555,4.183060209658
931.4641,5.416416,0.7781985,4.215046806576
933.3926,5.44243,0.7804781,4.247697425783
935.3211,5.468104,0.7828165,4.280522034916
937.2496,5.494567,0.7848283,4.3122916778461
939.1781,5.522585,0.7864806,4.343405964351
941.1066,5.550149,0.7881739,4.3744825829111
943.0351,5.576084,0.7900127,4.4051771762668
944.9636,5.601519,0.7917892,4.4352222477948
946.8921,5.626624,0.7934512,4.4644515647488
948.8206,5.65144,0.7950141,4.492974485304
950.7491,5.676814,0.796525,4.52172427135
952.6776,5.701846,0.7981419,4.5508821999474
954.6061,5.72574,0.7997743,4.579299700482
956.5346,5.749849,0.8011744,4.6066318226656
958.4631,5.774158,0.8024737,4.6336099346446
960.3916,5.797675,0.80386,4.6605190255
962.3201,5.821395,0.8052067,4.6874262573465
964.2486,5.845636,0.8065114,4.7145720742504
966.1771,5.86919,0.8078935,4.741680451265
968.1056,5.892147,0.8091831,4.7678257751157
970.0341,5.914303,0.810256,4.792099491568
971.9626,5.934991,0.8112618,4.8148314816438
973.8911,5.956118,0.8122797,4.8380337422046
975.8196,5.978692,0.8133759,4.8629239863228
977.748,6.000039,0.8146233,4.8877715703087
979.6766,6.019072,0.8157799,4.9102379542528
981.605,6.037067,0.8166762,4.9303289367054
983.5336,6.053618,0.817598,4.949425969564
985.462,6.068403,0.818626,4.967752474278
987.3906,6.082487,0.8194268,4.9841528584516
989.319,6.095704,0.8199843,4.9983815774472
991.2476,6.107635,0.8206436,5.012191573886
993.176,6.118459,0.821566,5.026717886794
995.1046,6.127376,0.8225925,5.04033354228
997.033,6.134377,0.8233783,5.0509129058191
998.9615,6.140196,0.8237794,5.0581669767624
1000.89,6.143047,0.824175,5.062945761225
1002.819,6.141354,0.8248748,5.0658481524792
1004.747,6.136364,0.8255636,5.0659587547504
1006.676,6.128286,0.8259178,5.0614604908908
1008.604,6.116829,0.8261173,5.0532182580417
1010.533,6.104328,0.826435,5.04483031068
1012.461,6.092081,0.8269678,5.0379548219918
1014.39,6.079816,0.8276965,5.032242423844
1016.318,6.070504,0.8284404,5.0290507619616
1018.247,6.067446,0.8290002,5.0299139474892
1020.175,6.069135,0.8293909,5.0336853398715
1022.104,6.072139,0.8297782,5.0385285695698
1024.032,6.074691,0.8303033,5.0438359837803
1025.96,6.077241,0.8308582,5.0493255182262
1027.889,6.081935,0.8311608,5.055065960148
1029.818,6.088778,0.8313049,5.0616309864122
1031.746,6.094639,0.8317284,5.0690843440476
1033.674,6.098465,0.83245,5.07666718925
1035.603,6.101685,0.8331012,5.083321095522
1037.531,6.104338,0.8336079,5.0886243810702
1039.46,6.106155,0.8341011,5.0931506022705
1041.388,6.107519,0.8345203,5.0968485881357
1043.317,6.107995,0.8347631,5.0987288409845
1045.245,6.107886,0.8348834,5.0993726304924
1047.174,6.108025,0.8350548,5.10053559477
1049.102,6.107471,0.8353908,5.1021250846668
1051.031,6.106071,0.8357259,5.1030016819389
1052.959,6.105154,0.8358836,5.1031981040744
1054.888,6.103898,0.8360497,5.1031620917306
1056.816,6.101564,0.8363216,5.1028697669824
1058.745,6.09987,0.8364654,5.102330199498
1060.673,6.098414,0.8365653,5.1017215374342
1062.602,6.095086,0.8369749,5.1014339953414
1064.53,6.090895,0.8375288,5.101299980276
1066.459,6.087301,0.8377788,5.0998117270188
1068.387,6.083315,0.8377145,5.0960811835675
1070.316,6.078099,0.8376064,5.0910546222336
1072.244,6.071285,0.8376466,5.085591237881
1074.173,6.063201,0.8378925,5.0803106438925
1076.101,6.056805,0.8381793,5.0766885751365
1078.03,6.054955,0.8383112,5.075936591996
1079.958,6.05865,0.8383725,5.079405547125
1081.887,6.069047,0.8385065,5.0889353583055
1083.815,6.084463,0.8386698,5.1028553673174
1085.744,6.09934,0.8388117,5.116197754278
1087.672,6.111526,0.8389504,5.1272671823104
1089.601,6.123008,0.8390848,5.1377229430784
1091.529,6.134298,0.8391997,5.1479010413106
1093.458,6.146166,0.839265,5.15826200799
1095.386,6.160706,0.8393192,5.1707988313552
1097.315,6.177165,0.8395071,5.1857738753715
1099.243,6.194495,0.8397844,5.202040266878
1101.172,6.214617,0.8398826,5.2195486839642
1103.1,6.237835,0.8397994,5.238530090299
1105.029,6.262208,0.8398642,5.2594043121536
1106.957,6.287551,0.8401989,5.2827934338939
1108.886,6.314292,0.8405212,5.3072962889904
1110.814,6.342567,0.8405431,5.3312009281377
1112.743,6.373366,0.8403486,5.3558491953876
1114.671,6.406321,0.8402599,5.3829746428279
1116.6,6.440211,0.8403601,5.4120963599811
1118.528,6.475661,0.840453,5.442488714433
1120.457,6.512204,0.840477,5.473357681308
1122.385,6.547663,0.8405432,5.5035936105416
1124.314,6.582479,0.8406705,5.5336959121695
1126.242,6.617729,0.8408148,5.5642844855892
1128.171,6.652088,0.8409364,5.5939829352032
1130.099,6.685201,0.8409691,5.6220474682891
1132.028,6.717641,0.8409173,5.6489805320893
1133.956,6.748224,0.8408128,5.6739931164672
1135.885,6.776205,0.8406256,5.696251393848
1137.813,6.801312,0.8404736,5.7163231813632
1139.742,6.822901,0.8405297,5.7348509306597
1141.67,6.844301,0.8406327,5.7535432292427
1143.599,6.87025,0.8405512,5.7747968818
1145.527,6.898688,0.8403857,5.7975587439616
1147.456,6.925989,0.8402441,5.8195213939149
1149.384,6.955845,0.8400924,5.843552520078
1151.313,6.993343,0.8400357,5.8746577823451
1153.241,7.037387,0.8401327,5.9123389412549
1155.17,7.083078,0.8401906,5.9511355546668
1157.098,7.125836,0.840088,5.986329313568
1159.027,7.164232,0.839878,6.017080843696
1160.955,7.200143,0.8396456,6.0455683893208
1162.884,7.234575,0.8395467,6.0737635671525
1164.812,7.267893,0.839631,6.102348267483
1166.741,7.302611,0.8396965,6.1319768975615
1168.669,7.338786,0.8396462,6.1619837775132
1170.598,7.372724,0.8395798,6.1899901413752
1172.526,7.403126,0.8395058,6.2149672151308
1174.455,7.42701,0.8394453,6.234568637553
1176.383,7.435812,0.8395082,6.2424251476584
1178.312,7.433777,0.8396333,6.2416467139741
1180.24,7.447985,0.8397549,6.2544818988765
1182.169,7.498542,0.8399766,6.2985998141172
1184.097,7.571379,0.8401878,6.3613802649762
1186.026,7.638132,0.8401373,6.4170795955236
1187.954,7.688885,0.8399376,6.458183613576
1189.883,7.731126,0.8398337,6.4928601537462
1191.811,7.771122,0.8398017,6.5262014665074
1193.74,7.810204,0.8397646,6.5587328379784
1195.668,7.849458,0.8397134,6.5912950653372
1197.597,7.888681,0.8396253,6.6235361512293
1199.525,7.926408,0.8395954,6.6549756953232
1201.454,7.963071,0.8397175,6.6867300724425
1203.382,7.999739,0.8398567,6.7186343974013
1205.311,8.03625,0.8399155,6.749770936875
1207.239,8.072882,0.8399597,6.7808955428554
1209.168,8.10994,0.8399327,6.811803801038
1211.096,8.146696,0.8397682,6.8413362358672
1213.025,8.183371,0.8395942,6.8707108280482
1214.953,8.220742,0.8394659,6.9010325816978
1216.882,8.258252,0.8393439,6.9315134408628
1218.81,8.295932,0.8392835,6.962638844722
1220.739,8.334846,0.8391321,6.9940368271566
1222.667,8.374437,0.8385798,7.0226337045726
1224.596,8.413171,0.8379167,7.0495364808557
1226.524,8.450094,0.8378616,7.0800092789904
1228.453,8.484806,0.8384282,7.1139006219292
1230.381,8.518783,0.838925,7.146620028275
1232.31,8.553798,0.8390295,7.176888859041
1234.238,8.58841,0.8389849,7.205546305009
1236.167,8.621369,0.8389645,7.2330225324005
1238.095,8.6545,0.838941,7.2606148845
1240.024,8.687772,0.8389172,7.2883213604784
1241.952,8.71901,0.8388708,7.314122893908
1243.881,8.748439,0.8387393,7.3376596029527
1245.809,8.775778,0.8386005,7.359371818689
1247.738,8.797912,0.8386057,7.3779791512984
1249.666,8.813462,0.8387388,7.3921925417256
1251.595,8.822414,0.8388194,7.4004120180316
1253.523,8.822686,0.8386945,7.399538223427
1255.452,8.813497,0.8384036,7.3892676133892
1257.38,8.799394,0.8381879,7.3755455781326
1259.309,8.790627,0.8382169,7.3684521129963
1261.237,8.800418,0.838363,7.377944835734
1263.166,8.835444,0.8384474,7.4080550496456
1265.094,8.889478,0.8385044,7.4538664167032
1267.023,8.950768,0.8385925,7.50604691404
1268.951,9.009804,0.8386433,7.5560117589132
1270.88,9.059809,0.8386037,7.5975893486933
1272.808,9.098854,0.8384821,7.6292262095134
1274.737,9.129503,0.838335,7.653581897505
1276.665,9.153207,0.8383195,7.6733119156365
1278.594,9.170854,0.8385251,7.6899912674354
1280.522,9.185668,0.8387734,7.7046939796312
1282.451,9.199545,0.838846,7.71700152507
1284.379,9.212028,0.8387569,7.7266520479932
1286.308,9.223524,0.8386162,7.7349966474888
1288.236,9.23426,0.8384519,7.742482842094
1290.165,9.243672,0.8382935,7.748910153732
1292.093,9.252285,0.8382183,7.7554346038155
1294.022,9.260486,0.8382179,7.7623051278994
1295.95,9.268442,0.8381875,7.768692228875
1297.879,9.276984,0.8381496,7.7755004288064
1299.807,9.284328,0.838269,7.782764348232
1301.736,9.287984,0.8384815,7.787802756296
1303.664,9.291864,0.8384555,7.790814476052
1305.593,9.302264,0.8381491,7.7966841995624
1307.521,9.318409,0.8379425,7.8082909334825
1309.45,9.33438,0.8380499,7.822676225562
1311.378,9.346425,0.8383086,7.835188456755
1313.307,9.355194,0.8385166,7.8444854652204
1315.235,9.363312,0.8385527,7.8516305585424
1317.164,9.371439,0.8383901,7.8569216803539
1319.092,9.378951,0.8382052,7.8614854987452
1321.021,9.386979,0.8381757,7.8679376942103
1322.949,9.395252,0.8382304,7.8753858420608
1324.878,9.400993,0.8382527,7.8804077649311
1326.806,9.404398,0.8382641,7.8833692255118
1328.734,9.407163,0.8382943,7.8859711220709
1330.663,9.409026,0.8383354,7.8879195753204
1332.592,9.412259,0.8383714,7.8909687549926
1334.52,9.4189,0.838344,7.8962783016
1336.448,9.42433,0.8382511,7.899954989263
1338.377,9.426454,0.8381583,7.9008606596682
1340.306,9.430658,0.8380291,7.9031658361478
1342.234,9.437477,0.8378318,7.9070183423686
1344.162,9.441657,0.8377077,7.9093487696589
1346.091,9.442775,0.8376952,7.91016729218
1348.02,9.442921,0.8376066,7.9094529528786
1349.948,9.44208,0.8374315,7.90709521752
1351.876,9.44106,0.8374034,7.905975743604
1353.805,9.440098,0.8375469,7.9065248155962
1355.734,9.437518,0.8376237,7.9050887459766
1357.662,9.43198,0.8375417,7.899676563566
1359.59,9.422338,0.8374568,7.8908010299984
1361.519,9.412087,0.8374986,7.8826096855782
1363.448,9.410134,0.8376105,7.882027044807
1365.376,9.416624,0.8376652,7.8879782262848
1367.304,9.421617,0.8376422,7.8919439914374
1369.233,9.421291,0.8375941,7.8912177559831
1371.161,9.417271,0.837489,7.886860872519
1373.09,9.409983,0.8372766,7.8787585722978
1375.018,9.404607,0.837077,7.872380213739
1376.947,9.404062,0.8370438,7.8716117919156
1378.875,9.400633,0.8370918,7.8691927991094
1380.804,9.391292,0.8370479,7.8609612468868
1382.732,9.380857,0.8369664,7.8514621122048
1384.661,9.370375,0.8369844,7.84285769715
1386.589,9.366398,0.8370206,7.8398680737988
1388.518,9.377278,0.8369304,7.8481290274512
1390.446,9.388374,0.8367867,7.8560664978258
1392.375,9.380938,0.8367529,7.8495270762202
1394.303,9.36464,0.8368233,7.836548948112
1396.232,9.355719,0.8368414,7.8292529859666
1398.16,9.354446,0.8367023,7.8268864834258
1400.089,9.357938,0.836495,7.82786834731
1402.017,9.360667,0.8363752,7.8290297342584
1403.946,9.356226,0.8363129,7.8247324991154
1405.874,9.353737,0.8361733,7.8213451346221
1407.803,9.361103,0.8359913,7.8258006664039
1409.731,9.367804,0.8358549,7.8301248756396
1411.66,9.369757,0.8357003,7.8303087358271
1413.588,9.369778,0.8355143,7.8285835068254
1415.517,9.356285,0.8354216,7.816442584756
1417.445,9.331306,0.8353999,7.7953720992694
1419.374,9.324812,0.8352894,7.7889166205928
1421.302,9.346245,0.83508,7.8048622746
1423.231,9.372223,0.8348603,7.8244969054469
1425.159,9.387008,0.8346423,7.8347939472384
1427.088,9.391753,0.8344238,7.8367022269214
1429.016,9.392405,0.8342241,7.8353706079605
1430.945,9.393834,0.8340279,7.8347196439686
1432.873,9.386923,0.8338341,7.8271364914743
1434.802,9.364546,0.8336788,7.8070234718248
1436.73,9.351407,0.833556,7.794921413292
1438.659,9.369129,0.833391,7.808147786439
1440.587,9.395262,0.8331147,7.8273308825514
1442.516,9.402874,0.8327666,7.8303994112084
1444.444,9.396338,0.8324858,7.8223179570004
1446.373,9.386738,0.8323276,7.8128411113688
1448.301,9.380933,0.8321807,7.8066313905931
1450.23,9.383131,0.8319389,7.8061916826959
1452.158,9.373218,0.8316138,7.7948974392084
1454.087,9.327839,0.8312702,7.7539545910978
1456.015,9.277959,0.8309526,7.7095441537434
1457.944,9.280602,0.8306401,7.7088401733402
1459.872,9.330053,0.8302799,7.7465554718347
1461.801,9.366795,0.8298728,7.773248393676
1463.729,9.371464,0.8294185,7.772865613684
1465.658,9.377375,0.8289162,7.773058050975
1467.586,9.393128,0.8285206,7.7824000464368
1469.515,9.390998,0.828392,7.779427615216
1471.443,9.374105,0.8283845,7.7653632833725
1473.372,9.380049,0.8282609,7.7691278267841
1475.3,9.417641,0.8280574,7.7983473205934
1477.229,9.459991,0.8278915,7.8318461389765
1479.157,9.488562,0.8277148,7.8538231981176
1481.086,9.503507,0.8274583,7.8637557462581
1483.014,9.508062,0.8271336,7.8644375510832
1484.943,9.502591,0.8267758,7.8565122760978
1486.871,9.488333,0.8264392,7.8415303338536
1488.8,9.47729,0.8261243,7.829419567147
1490.728,9.482201,0.8257372,7.8298061035772
1492.657,9.488612,0.8252295,7.830282536454
1494.585,9.474263,0.8246534,7.8129831954442
1496.514,9.455557,0.8240543,7.7918924047451
1498.442,9.462957,0.823432,7.792101608424
1500.371,9.480008,0.8227983,7.8001344663864
1502.299,9.457576,0.8222441,7.7764360663016
1504.228,9.386703,0.8218578,7.7145350768334
1506.156,9.325836,0.8214925,7.66110433023
1508.085,9.334169,0.8208613,7.6620580997597
1510.013,9.390093,0.8199661,7.6995579358473
1511.942,9.426112,0.8190451,7.7204108456512
1513.87,9.42749,0.8182141,7.713705245609
1515.799,9.419063,0.8174902,7.6999916956826
1517.727,9.398125,0.816842,7.67678322125
1519.656,9.36618,0.8160686,7.643445399948
1521.584,9.357135,0.8150301,7.6263466747635
1523.513,9.377801,0.8138535,7.6321561661535
1525.441,9.401588,0.8126402,7.6401083526376
1527.37,9.418622,0.8113685,7.641973204207
1529.298,9.423418,0.810083,7.633750723694
1531.227,9.407415,0.8087627,7.6083663554205
1533.155,9.386809,0.8073017,7.5779868632753
1535.084,9.363561,0.8058208,7.5453522158688
1537.012,9.305978,0.8045225,7.486868685505
1538.941,9.231694,0.8033126,7.4159361095444
1540.869,9.20814,0.8019686,7.384639144404
1542.798,9.243253,0.8004308,7.3985843933924
1544.726,9.286002,0.7987407,7.4171077376814
1546.655,9.309551,0.7969714,7.4194458938414
1548.583,9.311451,0.7952182,7.4046353036082
1550.512,9.291003,0.793487,7.372290097461
1552.44,9.256482,0.7917113,7.3284613976466
1554.369,9.20245,0.7898524,7.26857721838
1556.297,9.117844,0.7878806,7.1837724014264
1558.226,9.045334,0.7857305,7.107194806487
1560.154,9.048306,0.783313,7.087655717778
1562.083,9.111528,0.7805952,7.1124150214656
1564.011,9.158346,0.7776774,7.1222387055804
1565.94,9.152766,0.7746754,7.0904226621564
1567.868,9.123633,0.7715668,7.0394923181844
1569.797,9.104403,0.768278,6.994712528034
1571.725,9.087355,0.7648069,6.9500718067495
1573.654,9.04878,0.761183,6.88777750674
1575.582,9.004734,0.7574068,6.8202467637912
1577.511,8.996074,0.7533875,6.777529700675
1579.439,9.017697,0.7490106,6.7543506405882
1581.368,9.025598,0.7443481,6.7181867226638
1583.296,9.008999,0.7395245,6.6623754809755
1585.225,8.990129,0.7344386,6.6026977565794
1587.153,8.973498,0.7289873,6.5415660785754
1589.082,8.951623,0.7232591,6.4743427945193
1591.01,8.929203,0.7172673,6.4046253269619
1592.939,8.907719,0.7109692,6.3331138512548
1594.867,8.88167,0.7044205,6.256430422235
1596.796,8.855991,0.6974974,6.1770306969234
1598.724,8.834435,0.6899725,6.0955172030375
1600.653,8.808144,0.6819678,6.0068705857632
1602.581,8.77547,0.673743,5.91241148421
1604.51,8.74152,0.6653803,5.816435200056
1606.438,8.700953,0.6569698,5.7162633522194
1608.367,8.654706,0.6485249,5.6127923431794
1610.295,8.61332,0.6399214,5.511847793048
1612.224,8.562332,0.6313523,5.4058480015636
1614.152,8.480212,0.6231504,5.2844474998848
1616.081,8.392091,0.6151828,5.1626700392348
1618.009,8.341777,0.6072717,5.0657250998109
1619.938,8.332843,0.5997794,4.9978675748342
1621.866,8.34588,0.5931288,4.950181789344
1623.795,8.369739,0.5873824,4.9162373811936
1625.723,8.392855,0.5824963,4.8888069839365
1627.652,8.406274,0.5784913,4.8629563744162
1629.58,8.40627,0.5754347,4.837259455569
1631.509,8.378947,0.5733921,4.8044220161187
1633.437,8.323487,0.5723212,4.7637080680244
1635.366,8.277888,0.5721963,4.7365768854144
1637.294,8.272866,0.5731617,4.7416899404322
1639.223,8.288226,0.575241,4.767727412466
1641.151,8.282244,0.5781601,4.7884630192644
1643.08,8.23851,0.5817643,4.792871003193
1645.008,8.18224,0.5861495,4.79601588488
1646.937,8.145901,0.5912316,4.8161140816716
1648.865,8.109998,0.5967797,4.8398821734406
1650.794,8.037935,0.6028293,4.8455027294955
1652.722,7.972173,0.6094224,4.8584208028752
1654.651,7.983935,0.6162776,4.920320300356
1656.579,8.042624,0.6232516,5.0125782761984
1658.508,8.062646,0.6304969,5.0834733087974
1660.436,8.035474,0.6379905,5.126556074997
1662.365,8.005846,0.6456245,5.168770320827
1664.293,7.982726,0.6534857,5.2165972880182
1666.222,7.950309,0.6615363,5.2594179997167
1668.15,7.910699,0.6695574,5.2966670546226
1670.078,7.876784,0.6775396,5.3368330806464
1672.007,7.850637,0.6855907,5.3823237162759
1673.936,7.824898,0.6937111,5.4282185989678
1675.864,7.802217,0.701844,5.475939188148
1677.792,7.788779,0.7098688,5.5290112021952
1679.721,7.761422,0.71777,5.57091586894
1681.65,7.694407,0.7257954,5.5845652063278
1683.578,7.621485,0.7339946,5.594128833981
1685.506,7.597978,0.7420325,5.637946610285
1687.435,7.615972,0.7497495,5.710071199014
1689.364,7.623857,0.7572132,5.7728851553124
1691.292,7.59408,0.7644143,5.805023347344
1693.22,7.531479,0.7714783,5.8103726154057
1695.149,7.457325,0.7785886,5.806188231495
1697.078,7.396551,0.785636,5.810996741436
1699.006,7.358902,0.7924745,5.831742182999
1700.934,7.342147,0.7990572,5.8667954238084
1702.863,7.340553,0.8052155,5.9107270541715
1704.792,7.335256,0.8110098,5.9489645015088
1706.72,7.311333,0.816767,5.971655520411
1708.648,7.280296,0.822431,5.987541119576
1710.577,7.248237,0.8277097,5.9994360727989
1712.505,7.196356,0.8326484,5.9920343092304
1714.434,7.122584,0.8373875,5.9643628093
1716.362,7.057178,0.8419522,5.9418065428916
1718.291,7.024503,0.8463695,5.9453250918585
1720.219,7.018537,0.8504996,5.9692629110852
1722.148,7.011305,0.8542375,5.9893196549375
1724.076,6.982146,0.8578245,5.989455901377
1726.005,6.940786,0.86134,5.97837661324
1727.933,6.899209,0.8645664,5.9648242879776
1729.862,6.842164,0.8675768,5.9361027481952
1731.79,6.767003,0.8705154,5.8907803233462
1733.719,6.708992,0.8732241,5.8584535011072
1735.647,6.687096,0.875746,5.856197573616
1737.576,6.677929,0.8781831,5.8644443907999
1739.504,6.662388,0.8801658,5.8640060639304
1741.433,6.644835,0.881623,5.858239367205
1743.361,6.625197,0.8832989,5.8520292223833
1745.29,6.592878,0.885696,5.839285673088
1747.218,6.545521,0.8884731,5.8155193339851
1749.147,6.49562,0.8910453,5.787891671586
1751.075,6.458214,0.8930941,5.7677928199374
1753.004,6.433596,0.8947567,5.7565031260932
1754.932,6.407797,0.8964584,5.7443234461448
1756.861,6.371476,0.8982922,5.7234471932872
1758.789,6.327827,0.8999403,5.6946665287281
1760.718,6.283664,0.901293,5.663422377552
1762.646,6.242198,0.9025929,5.6341635951942
1764.575,6.200378,0.9039943,5.6051063698454
1766.503,6.150498,0.9053844,5.5685649414312
1768.432,6.088705,0.9065781,5.5198866103605
1770.36,6.020823,0.9075745,5.4643454238135
1772.289,5.958034,0.9085008,5.4128786554272
1774.217,5.905628,0.9093198,5.3701044718344
1776.146,5.856559,0.9099573,5.3292186149307
1778.074,5.803283,0.910584,5.284376647272
1780.003,5.750411,0.9113646,5.2407210208506
1781.931,5.703419,0.9122597,5.2029993059143
1783.86,5.658751,0.9132273,5.1677258971023
1785.788,5.613895,0.9141589,5.1319920779155
1787.717,5.566996,0.9148454,5.0929406824184
1789.645,5.511733,0.9153508,5.0451692109364
1791.574,5.452865,0.9159174,4.994373933351
1793.502,5.404799,0.9164896,4.9534420735904
1795.431,5.36393,0.9168601,4.917973396193
1797.359,5.314507,0.9170765,4.8738094787855
1799.288,5.25655,0.9173839,4.822274339545
1801.216,5.197711,0.9179645,4.7713141792595
1803.145,5.13613,0.9187466,4.718801974658
1805.073,5.068163,0.9194736,4.6600420789968
1807.002,4.992089,0.9200208,4.5928257154512
1808.93,4.905021,0.9203917,4.5145406167257
1810.859,4.805563,0.9205999,4.4240008172437
1812.787,4.685963,0.920896,4.315284582848
1814.716,4.534666,0.9215348,4.1788525253768
1816.644,4.367146,0.9221715,4.027257577539
1818.573,4.224923,0.9223547,3.8968775861881
1820.501,4.128209,0.9223727,3.8077472814943
1822.43,4.061393,0.922626,3.747146778018
1824.358,4.00427,0.9229175,3.695610857725
1826.287,3.947736,0.9230983,3.6441483904488
1828.215,3.889018,0.9234214,3.5912024461852
1830.144,3.830155,0.9240527,3.5392650691685
1832.072,3.772371,0.9248489,3.4888731697419
1834.001,3.712106,0.9254551,3.4353874294406
1835.929,3.649111,0.9254795,3.3771774237245
1837.858,3.58697,0.9249296,3.317694727312
1839.786,3.523927,0.92438,3.25744764026
1841.715,3.456986,0.9244348,3.1957581615128
1843.643,3.391375,0.9250748,3.13727554985
1845.572,3.334095,0.9256371,3.0861620269245
1847.5,3.283631,0.9256204,3.0393958396724
1849.429,3.233939,0.9253113,2.9924003002107
1851.357,3.183212,0.9251785,2.945039303342
1853.286,3.133363,0.9251279,2.8987615321277
1855.214,3.085013,0.9249068,2.8533495017884
1857.143,3.037232,0.924782,2.808777483424
1859.071,2.989745,0.9252166,2.766161703767
1861,2.942908,0.9261177,2.7254791882716
1862.928,2.896775,0.9267477,2.6845795686675
1864.857,2.850641,0.926666,2.641592092906
1866.785,2.803916,0.9263876,2.5975130138416
1868.714,2.758448,0.926451,2.555566908048
1870.642,2.716645,0.9266071,2.5172625451795
1872.571,2.676526,0.9266235,2.480131889961
1874.499,2.63455,0.9266325,2.441259652875
1876.428,2.591424,0.9265029,2.4009618511296
1878.356,2.54857,0.92631,2.3607658767
1880.285,2.504499,0.9266824,2.3208751441176
1882.213,2.459291,0.9275295,2.2810649515845
1884.142,2.414955,0.9279399,2.2409331012045
1886.07,2.371224,0.9277134,2.1998162792016
1887.999,2.327666,0.9274048,2.1586886211968
1889.927,2.285591,0.9272073,2.1192166600143
1891.856,2.244704,0.9270536,2.0809609241344
1893.784,2.203712,0.9269305,2.042687866016
1895.713,2.162843,0.9267979,2.0045183504297
1897.641,2.121897,0.9268153,1.9666066046241
1899.57,2.080262,0.9270654,1.9285389231348
1901.498,2.039071,0.9270977,1.8904180342367
1903.427,1.99905,0.9266539,1.852427478795
1905.355,1.959131,0.9261497,1.8144485879107
1907.284,1.919064,0.925845,1.77675580908
1909.212,1.879603,0.9255789,1.7397208771767
1911.141,1.840431,0.9254972,1.7033137372932
1913.069,1.800317,0.9261616,1.6673844732272
1914.998,1.759159,0.9277177,1.6320029414143
1916.926,1.719296,0.9291462,1.5974773450752
1918.855,1.682219,0.929119,1.562981635061
1920.783,1.643867,0.9276675,1.5249619902225
1922.712,1.59865,0.926034,1.4804042541
1924.64,1.547016,0.9250968,1.4311395511488
1926.569,1.493135,0.9250803,1.3812697737405
1928.497,1.439496,0.9256822,1.3325158241712
1930.426,1.387951,0.9257716,1.2849256179916
1932.354,1.339684,0.9248154,1.2389603943336
1934.283,1.292976,0.9241946,1.1949614371296
1936.211,1.245986,0.924962,1.152489702532
1938.14,1.199398,0.9260658,1.1107214683884
1940.068,1.154173,0.926592,1.069447468416
1941.997,1.1104,0.9272365,1.0296034096
1943.925,1.068124,0.928198,0.991430560552
1945.854,1.027288,0.9280322,0.9533563426736
1947.782,0.9879607,0.9260262,0.91487749277034
1949.711,0.9499721,0.924427,0.8781798584867
1951.639,0.9118329,0.9256961,0.84408015938169
1953.568,0.8714989,0.9282063,0.80893076942307
1955.496,0.8275022,0.928386,0.7682414574492
1957.425,0.7803332,0.9262284,0.72276677130288
1959.353,0.7346797,0.9241866,0.67898113403202
1961.282,0.696318,0.9230715,0.642751300737
1963.21,0.6654457,0.9232511,0.61437347451527
1965.139,0.6381465,0.9252354,0.5904357321861
1967.067,0.6126116,0.9268748,0.56781425422768
1968.996,0.5889329,0.9260347,0.54537230137163
1970.924,0.5663643,0.9246259,0.52367510061537
1972.853,0.5446202,0.9248621,0.50369858187442
1974.781,0.5276918,0.9258341,0.48855506273038
1976.71,0.5257905,0.9259792,0.4868710665576
1978.638,0.5472107,0.9245525,0.50592502071175
1980.567,0.584864,0.9221085,0.539308065744
1982.495,0.6207168,0.9207355,0.5715159932064
1984.424,0.6454288,0.9214611,0.59473753201968
1986.352,0.6621338,0.922693,0.6109462223234
1988.281,0.6742004,0.9225773,0.62200198469092
1990.209,0.6818583,0.9212253,0.62814511697499
1992.138,0.6860508,0.9199826,0.63115479871608
1994.066,0.6871779,0.9196904,0.63199091772216
1995.995,0.6840162,0.9198882,0.62921843098884
1997.923,0.6754339,0.9200618,0.62144092981502
1999.852,0.6599857,0.9207607,0.60768889512199
2001.78,0.6362011,0.9219566,0.58654980307226
2003.708,0.6059101,0.9223351,0.55885215267451
2005.637,0.5760971,0.921497,0.5308717493587
2007.566,0.5554936,0.9200051,0.51105694501736
2009.494,0.5468718,0.9177107,0.50187010238826
2011.422,0.544062,0.915414,0.498041971668
2013.351,0.5400466,0.9148525,0.4940629821265
2015.28,0.534144,0.9156371,0.4890820631424
2017.208,0.5282148,0.916288,0.4839968826624
2019.136,0.5225027,0.917151,0.4792138738077
2021.065,0.5174437,0.918728,0.4753900156136
2022.994,0.51371,0.9196869,0.472452357399
2024.922,0.5108021,0.9185901,0.46921775211921
2026.85,0.50855,0.9158433,0.465752110215
2028.779,0.5075313,0.9137096,0.46373622111048
2030.708,0.5085167,0.9138786,0.46472252987262
2032.636,0.5146261,0.9148076,0.47078386743836
2034.564,0.5303647,0.9142567,0.48488948041849
2036.493,0.5550417,0.9134772,0.50701793799924
2038.422,0.5818058,0.9149874,0.53234497624692
2040.35,0.6060625,0.9185087,0.55667367899375
2042.278,0.6297217,0.921202,0.5801008894834
2044.207,0.6563355,0.9201085,0.60389987240175
2046.135,0.6901403,0.9151105,0.63155463500315
2048.064,0.7385405,0.9096306,0.6717990381393
2049.992,0.802246,0.9068272,0.7274984938912
2051.921,0.8657665,0.9065174,0.7848323965871
2053.849,0.913275,0.9070646,0.828399422565
2055.778,0.9470086,0.9074461,0.85935926073646
2057.707,0.9760811,0.9076231,0.88591375383341
2059.635,1.001351,0.9081985,0.9094254761735
2061.563,1.02288,0.9088602,0.929654921376
2063.492,1.045277,0.9082414,0.9493638458678
2065.42,1.069697,0.9065132,0.9696944505004
2067.349,1.094321,0.9053864,0.9907833506344
2069.277,1.120198,0.9050862,1.0138757510676
2071.206,1.148321,0.9046066,1.0387787555186
2073.135,1.178173,0.9040796,1.0651621745708
2075.063,1.210737,0.9039314,1.0944231914418
2076.991,1.246263,0.9035487,1.1260593135081
2078.92,1.282428,0.9026482,1.1575813258296
2080.848,1.316804,0.9020701,1.1878495159604
2082.777,1.346848,0.9025282,1.2155683011136
2084.705,1.370541,0.9037531,1.2386306774271
2086.634,1.388477,0.9047581,1.2562358124137
2088.563,1.399835,0.904703,1.266434924005
2090.491,1.399824,0.9038424,1.2652202837376
2092.419,1.387378,0.9032192,1.2531064472576
2094.348,1.370944,0.9032092,1.2382492334848
2096.276,1.362684,0.903084,1.230618117456
2098.205,1.368121,0.9024082,1.2346036089922
2100.133,1.381932,0.9019834,1.2464797239288
2102.062,1.3956,0.9025191,1.25955565596
2103.99,1.40738,0.9033468,1.271352219384
2105.919,1.419782,0.9034756,1.2827383943192
2107.847,1.432879,0.9029755,1.2938546314645
2109.776,1.446467,0.9022073,1.3050130866091
2111.704,1.461161,0.9010789,1.3166213466029
2113.633,1.473748,0.8999454,1.3262927333592
2115.561,1.478406,0.899567,1.329925250202
2117.49,1.471752,0.8998627,1.3243747284504
2119.418,1.453314,0.900199,1.308271809486
2121.347,1.424558,0.9005696,1.2829136282368
2123.275,1.387068,0.9013258,1.2502001747544
2125.204,1.339968,0.9023588,1.2091319165184
2127.132,1.281699,0.9032381,1.1576793695319
2129.061,1.212098,0.9036016,1.0952536921568
2130.989,1.13222,0.9034019,1.022849699218
2132.918,1.048586,0.9030959,0.9469737173974
2134.846,0.973711,0.9033154,0.8795681414494
2136.775,0.9145759,0.9039267,0.82670957518653
2138.703,0.8668626,0.9042272,0.78384074158272
2140.632,0.8233293,0.904164,0.7444247132052
2142.56,0.7801259,0.9043372,0.70549687205348
2144.489,0.7369441,0.9048259,0.66680610853219
2146.417,0.6960446,0.905237,0.6300853255702
2148.346,0.6579167,0.9058695,0.59598667207065
2150.274,0.6190452,0.9072684,0.56164014813168
2152.203,0.575424,0.9088763,0.5229892360512
2154.131,0.5248816,0.909833,0.4775546007728
2156.06,0.4725951,0.9103539,0.43022879240589
2157.988,0.4369827,0.9111409,0.39815281056243
2159.917,0.4350072,0.9123506,0.39687907992432
2161.845,0.4614696,0.9130933,0.42136479991368
2163.774,0.4980267,0.9118796,0.45414038798532
2165.702,0.5341896,0.9093372,0.48575847513312
2167.631,0.5662834,0.9085356,0.51448862858904
2169.559,0.5897239,0.9106292,0.53701980327788
2171.488,0.6030394,0.9128225,0.5504679327065
2173.416,0.6104375,0.9121696,0.5568225302
2175.345,0.6170388,0.9091547,0.56098372510236
2177.273,0.6245708,0.9066057,0.56623944733356
2179.202,0.6315618,0.906276,0.5723693018568
2181.13,0.6390658,0.9073502,0.57985648144316
2183.059,0.6525437,0.9083423,0.59273304530851
2184.987,0.6732588,0.9093619,0.61223590155972
2186.916,0.6956756,0.9110234,0.63377675040904
2188.844,0.7166918,0.9127145,0.6541349978911
2190.773,0.7374662,0.9136139,0.67375937110018
2192.701,0.7575958,0.9138423,0.69232308834234
2194.63,0.7761887,0.913949,0.7093968861763
2196.558,0.7940292,0.9143637,0.72603147722004
2198.487,0.8113399,0.9145501,0.74201098667899
2200.415,0.828231,0.9135468,0.7566277797108
2202.344,0.845158,0.9122295,0.770978059761
2204.272,0.8612056,0.9123717,0.78573961732152
2206.201,0.8762441,0.9132456,0.80022606885096
2208.129,0.892016,0.9130188,0.8144273779008
2210.058,0.908567,0.9123553,0.8289359178551
2211.986,0.9249014,0.9127061,0.84416314967854
2213.915,0.9419063,0.9133542,0.86029407511146
2215.843,0.9602421,0.9132089,0.87690163187469
2217.772,0.9791786,0.9130254,0.89401493293644
2219.7,0.9984252,0.9139845,0.9125451572094
2221.629,1.017944,0.9156876,0.9321186982944
2223.557,1.038203,0.9165892,0.9516056572076
2225.486,1.060483,0.9159956,0.9713977618748
2227.414,1.084409,0.9149111,0.9921378310399
2229.343,1.108671,0.9143618,1.0137264111678
2231.271,1.133989,0.9143861,1.0369037791529
2233.2,1.160982,0.9148874,1.0621678034268
2235.128,1.188787,0.9157508,1.0886326462796
2237.057,1.217594,0.9164951,1.1159189347894
2238.985,1.247501,0.9169882,1.1439436964882
2240.914,1.277256,0.9174014,1.1717564425584
2242.842,1.307087,0.9174711,1.1992145476857
2244.771,1.337641,0.9172778,1.2269883936698
2246.699,1.367223,0.9176613,1.2546476355699
2248.628,1.394489,0.9187624,1.2812040604136
2250.556,1.420066,0.9198013,1.3061785528858
2252.485,1.445869,0.9204853,1.3309011602257
2254.413,1.476449,0.920997,1.359805099653
2256.342,1.515267,0.9211018,1.3957151611806
2258.27,1.558678,0.9205792,1.4348865462976
2260.199,1.600794,0.9197446,1.4723216372124
2262.127,1.640841,0.9191328,1.5081507826848
2264.056,1.68123,0.9191113,1.545237490899
2265.984,1.724934,0.9196211,1.5862857025074
2267.913,1.774857,0.9201795,1.6331870268315
2269.841,1.830627,0.9205341,1.6851545778807
2271.77,1.889781,0.9211154,1.7407063817274
2273.698,1.95267,0.9222179,1.800787226793
2275.627,2.02136,0.9231297,1.865977450392
2277.555,2.097208,0.9230856,1.9359025050048
2279.484,2.182314,0.9225875,2.013375617475
2281.412,2.279243,0.9224714,2.1025364811502
2283.341,2.389383,0.9225294,2.2042760653602
2285.269,2.511492,0.9224155,2.316639148926
2287.198,2.639534,0.9225275,2.435042702185
2289.126,2.765939,0.9229971,2.5529536757769
2291.055,2.887298,0.9233662,2.6660333825276
2292.983,3.002021,0.9236001,2.7726668958021
2294.912,3.10854,0.9239882,2.872254279228
2296.84,3.209574,0.9243943,2.9669119110282
2298.769,3.309154,0.9246207,3.0597122878878
2300.697,3.40728,0.9248388,3.151184746464
2302.625,3.504717,0.9252293,3.2426668566081
2304.554,3.604877,0.9257561,3.3372368724997
2306.483,3.708797,0.9262541,3.4352884273177
2308.411,3.816943,0.9266122,3.5368259505046
2310.34,3.931336,0.9269419,3.6441200613784
2312.268,4.053169,0.927249,3.758296902081
2314.197,4.185931,0.9272688,3.8814832152528
2316.125,4.335369,0.92713,4.01945066097
2318.053,4.507654,0.9272696,4.1798105215184
2319.982,4.721867,0.9275166,4.3796100254922
2321.911,4.998782,0.9275545,4.636642738619
2323.839,5.305543,0.9277841,4.9223984372663
2325.768,5.551453,0.9284779,5.1544014233887
2327.696,5.677407,0.9291901,5.2753903780707
2329.625,5.710048,0.9296001,5.3080611918048
2331.553,5.70725,0.9298476,5.3068727151
2333.481,5.698084,0.9300108,5.2992796593072
2335.41,5.687428,0.9301945,5.290414244746
2337.339,5.676012,0.9306796,5.2825485777552
2339.267,5.664289,0.9313068,5.2751908628652
2341.196,5.653714,0.9315717,5.2668399622938
2343.124,5.645156,0.9315581,5.2587907975636
2345.052,5.63582,0.9317939,5.251422697498
2346.981,5.622268,0.932309,5.241691056812
2348.909,5.601903,0.9326928,5.2248545943984
2350.838,5.57183,0.9328278,5.197557920874
2352.767,5.532689,0.9329633,5.1617957873137
2354.695,5.489223,0.9332402,5.1227635703646
2356.624,5.443524,0.9335766,5.0819466279384
2358.552,5.392983,0.9339399,5.0367220037217
2360.48,5.333563,0.9343546,4.9834391234398
2362.409,5.261184,0.9347205,4.917736539072
2364.337,5.174781,0.9349807,4.8383203617267
2366.266,5.080007,0.9352924,4.7512919390468
2368.195,4.985761,0.9357059,4.6652059836899
2370.123,4.897529,0.9360139,4.5841552196531
2372.052,4.815934,0.9361187,4.5082858753658
2373.98,4.739054,0.9361661,4.4365417008694
2375.908,4.664767,0.936292,4.367584023964
2377.837,4.592148,0.9365416,4.3007376353568
2379.765,4.521334,0.9368993,4.2360346596662
2381.694,4.452682,0.9372708,4.1733688202856
2383.622,4.386276,0.9375901,4.1125289534676
2385.551,4.321814,0.9378638,4.0532729009332
2387.479,4.259159,0.9380882,3.9954667998238
2389.408,4.198577,0.9382844,3.9394593012988
2391.336,4.139812,0.9385001,3.8852139759812
2393.265,4.082041,0.938716,3.831877199356
2395.193,4.025128,0.938933,3.779325508424
2397.122,3.969681,0.9392262,3.7284284008422
2399.05,3.916052,0.9395298,3.6792475523496
2400.979,3.863806,0.9396541,3.6306411495046
2402.907,3.81224,0.9396213,3.582061904712
2404.836,3.762739,0.9396551,3.5356768913189
2406.764,3.719797,0.9398344,3.4959931816168
2408.693,3.686285,0.9401044,3.465492748154
2410.621,3.658983,0.9405325,3.4413924284475
2412.55,3.632516,0.9411102,3.4185978592632
2414.478,3.605292,0.9415014,3.3943874654088
2416.407,3.578396,0.9415279,3.3691596712484
2418.335,3.552172,0.9415483,3.3445415079076
2420.264,3.526621,0.9417969,3.3213607252749
2422.192,3.502321,0.9419865,3.2991391006665
2424.121,3.479619,0.9420171,3.2778605994849
2426.049,3.458625,0.942167,3.258602340375
2427.978,3.43979,0.9424205,3.241728611695
2429.906,3.423346,0.9425562,3.2266959970452
2431.835,3.408778,0.9426761,3.2133735508058
2433.763,3.395564,0.9429224,3.2017533562336
2435.692,3.384153,0.9431587,3.1917933440811
2437.62,3.375607,0.9432784,3.1841371699888
2439.549,3.369951,0.943393,3.179188183743
2441.477,3.365932,0.9436505,3.176263414766
2443.406,3.363349,0.9439429,3.1748094087721
2445.334,3.363933,0.9439747,3.1754676444951
2447.263,3.368569,0.94394,3.17972702186
2449.191,3.375886,0.9444759,3.1884429681474
2451.12,3.384802,0.9454078,3.2000182122556
2453.048,3.395686,0.9457932,3.2116167281352
2454.977,3.407733,0.9455279,3.2221066272507
2456.905,3.41777,0.9453585,3.231017920545
2458.834,3.42299,0.9455102,3.236471959498
2460.762,3.423544,0.9456633,3.2375199167352
2462.691,3.421563,0.9456263,3.2355199599069
2464.619,3.418386,0.9453429,3.2315469345594
2466.548,3.413745,0.9449829,3.2259306499605
2468.476,3.407328,0.9449346,3.2197021207488
2470.405,3.399554,0.9452692,3.2134936899368
2472.333,3.39087,0.9457663,3.206970573681
2474.262,3.381862,0.9463195,3.200321956909
2476.19,3.373534,0.9467921,3.1940353402814
2478.119,3.366263,0.9469865,3.1878056164495
2480.047,3.359615,0.9468999,3.1812191075385
2481.976,3.353491,0.946666,3.174635911006
2483.904,3.34796,0.9466187,3.169241542852
2485.833,3.34276,0.947126,3.16601490776
2487.761,3.338228,0.9478028,3.1639818454384
2489.69,3.335215,0.9478553,3.1613012143895
2491.618,3.333657,0.94741,3.15833997837
2493.547,3.332689,0.9472007,3.1567253536823
2495.475,3.331581,0.947376,3.156259881456
2497.404,3.329743,0.9477306,3.1556993312358
2499.332,3.327004,0.9482034,3.1546765046136
2501.261,3.323989,0.9486294,3.1532336906766
2503.189,3.321586,0.9488203,3.1515882249958
2505.118,3.320352,0.9487868,3.1503061489536
2507.046,3.320097,0.9486106,3.1494792072282
2508.975,3.319882,0.9484499,3.1487417509118
2510.903,3.319292,0.9483864,3.1479713904288
2512.832,3.318848,0.9482784,3.1471918712832
2514.76,3.318604,0.9482574,3.1468908006696
2516.689,3.318333,0.9486546,3.1479518647818
2518.617,3.318815,0.9491841,3.1501664288415
2520.546,3.320689,0.9493404,3.1524642235356
2522.474,3.323497,0.9492577,3.1548551181769
2524.403,3.326942,0.9492309,3.1580361489078
2526.331,3.330848,0.9492789,3.1619037255072
2528.26,3.334528,0.9494495,3.165965942336
2530.188,3.338137,0.9496973,3.1702196959301
2532.117,3.342683,0.9499218,3.1752874521894
2534.045,3.348372,0.9502663,3.1818450714636
2535.974,3.355146,0.9505776,3.1893266323296
2537.902,3.363245,0.9503954,3.196412577073
2539.831,3.372022,0.9500164,3.2034762011608
2541.759,3.380904,0.950063,3.212071796952
2543.688,3.39083,0.950298,3.22229896734
2545.616,3.402367,0.9503671,3.2334976589257
2547.545,3.414817,0.9505759,3.2460427431103
2549.473,3.428127,0.9510073,3.2601738023271
2551.402,3.442896,0.95124,3.27502039104
2553.33,3.459125,0.9510714,3.289874856525
2555.259,3.476572,0.9506632,3.3050490625504
2557.187,3.494841,0.9503889,3.3214580936649
2559.116,3.513649,0.9504993,3.3397209149457
2561.044,3.534015,0.9506406,3.359578140009
2562.973,3.556838,0.9505145,3.380826093151
2564.901,3.580817,0.9505962,3.4039110330954
2566.83,3.604807,0.9511172,3.4285939403804
2568.758,3.629941,0.9514681,3.4537730663821
2570.687,3.657229,0.9514151,3.4795428947579
2572.615,3.686332,0.9514001,3.5071766334332
2574.544,3.717296,0.9515233,3.5370937569968
2576.472,3.750427,0.9515578,3.5687480651806
2578.401,3.785334,0.9515004,3.6017468151336
2580.329,3.821847,0.9514096,3.6361419255312
2582.258,3.860337,0.95134,3.67249300158
2584.186,3.900974,0.9514552,3.7116019973648
2586.115,3.943891,0.9517179,3.7534716603489
2588.043,3.989236,0.9517979,3.7969464474044
2589.972,4.036761,0.9514925,3.8409478157925
2591.9,4.086283,0.9510246,3.8861556555618
2593.829,4.137932,0.9508943,3.9347359525876
2595.757,4.191759,0.9512695,3.9874924880505
2597.686,4.247999,0.9516797,4.0427344139203
2599.614,4.307191,0.9517117,4.0992040688347
2601.543,4.369546,0.9515701,4.1579293241746
2603.471,4.43518,0.9514705,4.21994293219
2605.4,4.504506,0.9512709,4.2850054766754
2607.328,4.577482,0.9510023,4.3531959102086
2609.257,4.653753,0.9508512,4.4250266245536
2611.185,4.733688,0.9506916,4.5002774186208
2613.114,4.817496,0.9504202,4.5786455118192
2615.042,4.904217,0.9503142,4.6605470549814
2616.971,4.993409,0.950517,4.746320142453
2618.899,5.086232,0.9507816,4.8358957989312
2620.828,5.183633,0.9509499,4.9293752829867
2622.756,5.285407,0.9510739,5.0268126485773
2624.685,5.39136,0.951113,5.12779258368
2626.613,5.501483,0.9510272,5.2320599733376
2628.542,5.615592,0.9509615,5.340211791708
2630.47,5.733998,0.950956,5.452779802088
2632.398,5.857139,0.9508713,5.5693853752107
2634.327,5.984388,0.9507493,5.6896527019284
2636.256,6.115038,0.9507777,5.8140417650526
2638.184,6.2494,0.9509,5.94255446
2640.113,6.387392,0.9509073,6.0738176807616
2642.041,6.52798,0.9508059,6.206841899082
2643.969,6.670951,0.9507378,6.3423252776478
2645.898,6.816882,0.9507028,6.4808288046696
2647.826,6.965026,0.9506039,6.6209808792014
2649.755,7.113056,0.9504586,6.7606652474816
2651.684,7.258563,0.9504008,6.8985440820504
2653.612,7.399675,0.950448,7.0330063044
2655.541,7.534402,0.9504398,7.1609955299996
2657.469,7.659382,0.9503197,7.2788616044254
2659.397,7.769018,0.9502464,7.3824813860352
2661.326,7.856594,0.950256,7.465775588064
2663.254,7.917419,0.9502071,7.5231877474749
2665.183,7.952283,0.9501127,7.5555650722941
2667.112,7.968108,0.950091,7.570427697828
2669.04,7.97375,0.9500726,7.57564139425
2670.969,7.974714,0.9499385,7.575487855089
2672.897,7.972673,0.9497494,7.5720413981462
2674.825,7.968364,0.9496308,7.5670038800112
2676.754,7.962815,0.9496301,7.5617288047315
2678.682,7.95696,0.9496643,7.556440848528
2680.611,7.951341,0.9495411,7.5501250796151
2682.54,7.945557,0.9492339,7.5421920587823
2684.468,7.938554,0.9490018,7.5337020353972
2686.396,7.93024,0.949003,7.52582155072
2688.325,7.921749,0.9490762,7.5183434382738
2690.253,7.913929,0.9490471,7.5106913670559
2692.182,7.906499,0.9489222,7.5026524253778
2694.11,7.898637,0.9487835,7.4940964580895
2696.039,7.890191,0.9486665,7.4851598803015
2697.968,7.882213,0.9485045,7.4763145004585
2699.896,7.875397,0.9482627,7.4679452227919
2701.824,7.868548,0.9480988,7.4601609165424
2703.753,7.860131,0.9481228,7.4523694120868
2705.681,7.850413,0.9481672,7.4435041130536
2707.61,7.840762,0.948072,7.433606910864
2709.538,7.832039,0.9478895,7.4239075316905
2711.467,7.824296,0.9476744,7.4148850172224
2713.396,7.816911,0.9474239,7.4059283055729
2715.324,7.809061,0.9471865,7.3966371568765
2717.252,7.800639,0.9469897,7.3871247864183
2719.181,7.792259,0.9467982,7.3776967951338
2721.109,7.784273,0.9465952,7.3685554572896
2723.038,7.776419,0.9463592,7.3592856637048
2724.966,7.76837,0.9460873,7.349556198701
2726.895,7.760052,0.9458614,7.3399336487928
2728.823,7.751408,0.9457267,7.3307135081936
2730.752,7.742471,0.9456128,7.3213796812288
2732.68,7.733818,0.9454458,7.3119057460644
2734.609,7.725964,0.9451906,7.3025085487384
2736.537,7.718254,0.9448615,7.292681051821
2738.466,7.70975,0.9445846,7.28251111985
2740.394,7.700959,0.9444481,7.2731560957279
2742.323,7.692997,0.9443237,7.2646793911289
2744.251,7.685609,0.9440756,7.2557959280404
2746.18,7.677577,0.9437753,7.2459075364481
2748.108,7.668494,0.9435096,7.2352977065424
2750.037,7.659111,0.9432209,7.2242335706199
2751.965,7.650209,0.9428825,7.2132481874425
2753.894,7.641772,0.9425748,7.2029417145456
2755.822,7.633437,0.9422884,7.1928991372308
2757.751,7.625168,0.94191,7.18222199088
2759.679,7.61684,0.9414734,7.171052252056
2761.608,7.608028,0.9411306,7.1601479564568
2763.536,7.598796,0.940872,7.149494390112
2765.465,7.589526,0.9406039,7.1387377547514
2767.393,7.579996,0.9403898,7.1281509224408
2769.322,7.570008,0.9402498,7.1176985079984
2771.25,7.560255,0.9399825,7.1065073955375
2773.179,7.55129,0.9394959,7.094405994711
2775.107,7.54259,0.9389645,7.082224248055
2777.036,7.533232,0.9385151,7.0700519838032
2778.964,7.522955,0.938111,7.057366838005
2780.893,7.512551,0.9377012,7.0445280877612
2782.821,7.503012,0.937243,7.032145475916
2784.75,7.494081,0.9367413,7.0200151782453
2786.678,7.484533,0.9362994,7.0077637571802
2788.607,7.474002,0.9359522,6.9953086147044
2790.535,7.463183,0.9355956,6.9825211767948
2792.464,7.452439,0.9351779,6.9693562538981
2794.392,7.441568,0.9347421,6.9559468996128
2796.321,7.430717,0.9343077,6.9425761096209
2798.249,7.420485,0.9338525,6.9296384684625
2800.178,7.411034,0.933307,6.916769909438
2802.106,7.401612,0.9326093,6.9028121861916
2804.035,7.391392,0.9318633,6.8877669407136
2805.963,7.380479,0.9312405,6.8730009541995
2807.892,7.369599,0.930699,6.858878419701
2809.82,7.359112,0.9300795,6.844559209404
2811.749,7.348763,0.9293932,6.8298903606116
2813.677,7.338178,0.9287539,6.8153614363942
2815.606,7.327396,0.9281585,6.800984880266
2817.534,7.316534,0.9275482,6.7864379419388
2819.463,7.305162,0.9269536,6.7715462144832
2821.391,7.29306,0.9264178,6.756420600468
2823.32,7.28091,0.9258727,6.741195800157
2825.248,7.268954,0.9252177,6.7253649012858
2827.177,7.256447,0.924443,6.708171634021
2829.105,7.2433,0.9235855,6.68980685215
2831.034,7.23003,0.9226833,6.671027939499
2832.962,7.216288,0.9218091,6.6520399466208
2834.891,7.201464,0.9209806,6.6324086355984
2836.819,7.185209,0.9201098,6.6111812159482
2838.748,7.166608,0.9191511,6.5871956264688
2840.676,7.145165,0.9180821,6.5598480880465
2842.605,7.121589,0.9167358,6.5286155891862
2844.533,7.096101,0.9150037,6.4929586705737
2846.462,7.069283,0.913088,6.454877475904
2848.39,7.044787,0.9112833,6.4197967451571
2850.319,7.026833,0.9097775,6.3928545596575
2852.247,7.015701,0.9087431,6.3754698754131
2854.176,7.008585,0.908205,6.365231939925
2856.104,7.002728,0.907883,6.357657704824
2858.033,6.996661,0.9074869,6.3493782012409
2859.961,6.990495,0.9069649,6.3401335986255
2861.89,6.984592,0.9063583,6.3305429313136
2863.818,6.977657,0.9057036,6.3196890644652
2865.747,6.968173,0.9050074,6.3062481294802
2867.675,6.956615,0.9041647,6.2899257144905
2869.604,6.944303,0.9031338,6.2716347567414
2871.532,6.93191,0.9021333,6.253506843603
2873.461,6.919898,0.901312,6.236987106176
2875.389,6.908624,0.9004338,6.2207585610912
2877.318,6.89814,0.899239,6.20307651546
2879.246,6.888299,0.8978358,6.1845614433042
2881.175,6.87826,0.8964698,6.166152366548
2883.103,6.866693,0.895182,6.146939973126
2885.032,6.853263,0.8938431,6.1257418450353
2886.96,6.838733,0.8923614,6.1026213541062
2888.889,6.823555,0.8908268,6.078605665274
2890.817,6.807453,0.8894305,6.0547563255165
2892.746,6.790215,0.8881328,6.030612660552
2894.674,6.772238,0.8866394,6.0045330369772
2896.603,6.754114,0.8849176,5.9768343510064
2898.531,6.735854,0.8832945,5.949742791003
2900.46,6.717125,0.8818121,5.9232421022125
2902.388,6.69777,0.8801128,5.894793108456
2904.317,6.677391,0.8781126,5.8635011722266
2906.245,6.655486,0.8760873,5.8307867599278
2908.174,6.632213,0.8740965,5.7971941705545
2910.102,6.607603,0.8719391,5.7614274129773
2912.031,6.581365,0.8695029,5.7225159534585
2913.959,6.554956,0.8668169,5.6819466395564
2915.888,6.531447,0.8640761,5.6436672511167
2917.816,6.512503,0.861628,5.611354934884
2919.745,6.497627,0.8596146,5.5854550345542
2921.673,6.48547,0.8578688,5.563682366336
2923.602,6.474603,0.856255,5.543911191765
2925.53,6.464856,0.854734,5.525732228304
2927.458,6.457626,0.8532604,5.5100365438104
2929.387,6.453212,0.8519084,5.4975455097808
2931.316,6.449931,0.850744,5.487240098664
2933.244,6.446661,0.8495574,5.4768085578414
2935.173,6.443504,0.8481531,5.4650778924624
2937.101,6.440442,0.8466324,5.4526868675208
2939.03,6.437464,0.8450629,5.4400619964856
2940.958,6.434226,0.8433354,5.4262105574004
2942.886,6.428622,0.8414911,5.4096281982642
2944.815,6.418481,0.8396604,5.3893443238524
2946.744,6.404833,0.8376997,5.3653266826501
2948.672,6.390689,0.8353507,5.3384665296323
2950.601,6.376387,0.8327053,5.3096512497511
2952.529,6.358885,0.8301521,5.2788417364085
2954.458,6.336843,0.8278629,5.2460372228247
2956.386,6.313883,0.8256358,5.2129678418114
2958.314,6.294579,0.8233212,5.1824603357748
2960.243,6.279617,0.8210647,5.1559718482199
2962.172,6.267524,0.8189582,5.1328401734968
2964.1,6.258538,0.8168404,5.1122266833352
2966.029,6.254128,0.8145965,5.094590779352
2967.957,6.25455,0.8122674,5.08036706667
2969.885,6.258143,0.809825,5.068000654975
2971.814,6.261802,0.807222,5.054664334044
2973.742,6.262492,0.804593,5.038757225756
2975.671,6.259521,0.8020638,5.0205351994398
2977.6,6.254787,0.7994861,5.0006152649607
2979.528,6.250278,0.7966681,4.9793970987318
2981.457,6.24591,0.7937138,4.957464960558
2983.385,6.240184,0.7908287,4.9349166004808
2985.313,6.232499,0.7879491,4.9108919778009
2987.242,6.223802,0.7849103,4.8851262949606
2989.17,6.21487,0.7818024,4.858800281688
2991.099,6.205388,0.7787946,4.8327226653048
2993.028,6.195116,0.7757869,4.8060898367804
2994.956,6.184491,0.7725771,4.7779961217561
2996.885,6.173615,0.7691915,4.7486921822725
2998.813,6.161872,0.765804,4.718786225088
3000.741,6.149161,0.7624767,4.6885919870487
3002.67,6.136479,0.7591254,4.6583570754666
3004.598,6.124338,0.7556693,4.6279742094234
3006.527,6.111805,0.7521114,4.596758215077
3008.456,6.098136,0.7484933,4.5644139384888
3010.384,6.082934,0.7448795,4.531052836453
3012.313,6.06429,0.7413734,4.495903295886
3014.241,6.041955,0.7380059,4.4589984375345
3016.169,6.022406,0.7346403,4.4243021505618
3018.098,6.013021,0.731092,4.396071548932
3020.026,6.011346,0.7272614,4.3718199078444
3021.955,6.008139,0.7231853,4.3449978051567
3023.884,5.999303,0.7190587,4.3138510160861
3025.812,5.987532,0.7150461,4.2813614052252
3027.74,5.975414,0.7110586,4.2488695132604
3029.669,5.963258,0.7069653,4.2158164809474
3031.597,5.950984,0.702856,4.182684810304
3033.526,5.93853,0.6988193,4.149959377629
3035.454,5.925986,0.6947573,4.1171220331978
3037.383,5.913846,0.6905764,4.0839624808344
3039.312,5.902141,0.6863137,4.0507202276317
3041.24,5.890173,0.6821018,4.0176976056114
3043.168,5.877484,0.6780241,3.9850757993644
3045.097,5.864326,0.6738335,3.951579313721
3047.025,5.851359,0.6691733,3.9155732115147
3048.954,5.839033,0.6642954,3.8788427623482
3050.882,5.826907,0.6598717,3.8450110278319
3052.811,5.814099,0.6559365,3.8136797487135
3054.74,5.800668,0.6518346,3.7810761055128
3056.668,5.78786,0.6472343,3.746101515598
3058.596,5.776653,0.6424767,3.7113649564851
3060.525,5.766194,0.6379886,3.6787660373884
3062.453,5.754376,0.6337708,3.6469554810208
3064.382,5.7407,0.6294496,3.61348131872
3066.31,5.727365,0.6247622,3.578241157603
3068.239,5.716104,0.6198964,3.5433922916256
3070.167,5.705534,0.6151572,3.5098003199448
3072.096,5.693322,0.6105357,3.4759763325954
3074.024,5.67931,0.6058863,3.441016122453
3075.953,5.665355,0.6012136,3.406088474828
3077.881,5.653032,0.5965688,3.3724225166016
3079.81,5.641467,0.5919429,3.3394263362343
3081.738,5.627702,0.5873228,3.3052776962056
3083.667,5.610973,0.5826686,3.2693377825478
3085.595,5.595068,0.5779218,3.2335117696824
3087.524,5.583211,0.5731243,3.1998738961273
3089.452,5.572867,0.568355,3.167366823785
3091.381,5.559519,0.5635677,3.1331653359363
3093.309,5.543225,0.558705,3.097027523625
3095.238,5.527689,0.5538779,3.0616647751731
3097.166,5.514538,0.5492018,3.0285941957684
3099.095,5.501566,0.5446019,2.9961632965754
3101.023,5.486527,0.5399513,2.9624573861351
3102.952,5.470674,0.5352268,2.9280513388632
3104.88,5.456719,0.5304696,2.8946235452424
3106.809,5.444239,0.52577,2.86241753903
3108.737,5.430404,0.5212006,2.8303298230424
3110.666,5.414906,0.5166805,2.797776339533
3112.594,5.400344,0.5121016,2.7655248029504
3114.523,5.387841,0.5075059,2.7343610957619
3116.451,5.375525,0.5029303,2.7035144009075
3118.38,5.361248,0.4983436,2.6717436288128
3120.308,5.345186,0.4937952,2.6394271899072
3122.237,5.329751,0.4892742,2.6077096567242
3124.165,5.316902,0.4846173,2.5766626916046
3126.094,5.305799,0.4798615,2.5460486668385
3128.022,5.294236,0.4752683,2.5161825435188
3129.951,5.281538,0.4709275,2.487221486495
3131.879,5.268568,0.4667778,2.4592505801904
3133.808,5.255964,0.4627772,2.4323403032208
3135.736,5.243621,0.458772,2.405626493412
3137.665,5.231277,0.4546294,2.3782923237438
3139.593,5.219163,0.4504759,2.3511071496717
3141.522,5.207743,0.4464381,2.3249348902083
3143.45,5.196735,0.4424601,2.2993478877735
3145.379,5.1854,0.4385037,2.27381708598
3147.307,5.173772,0.4345625,2.24832729475
3149.236,5.162452,0.4306512,2.2232161487424
3151.164,5.151726,0.4269021,2.1992826480246
3153.093,5.141324,0.4233307,2.1764802878468
3155.021,5.130427,0.4197398,2.1534444028946
3156.95,5.118757,0.4161163,2.1299982234391
3158.878,5.107602,0.4126027,2.1074103757254
3160.807,5.097565,0.4091449,2.0856427221685
3162.735,5.086892,0.4057232,2.0638701002944
3164.664,5.074926,0.402506,2.042688164556
3166.592,5.063949,0.3994387,2.0227372054263
3168.521,5.055006,0.3962832,2.0032139536992
3170.449,5.046109,0.3930511,1.9833786931699
3172.378,5.035857,0.3899262,1.9636125837534
3174.306,5.024958,0.3870129,1.9447235679582
3176.235,5.01431,0.3843036,1.927017384516
3178.163,5.004097,0.3816383,1.9097550721151
3180.092,4.993884,0.3788911,1.8921382020324
3182.02,4.983083,0.3762057,1.8746642281731
3183.949,4.972117,0.3737154,1.8581566935018
3185.877,4.961998,0.3713272,1.8425248237456
3187.806,4.952535,0.3690157,1.8275631697995
3189.734,4.942532,0.3668585,1.813209875722
3191.663,4.931433,0.3647913,1.7989438549329
3193.591,4.919864,0.3627182,1.7845242143248
3195.52,4.909079,0.3606681,1.7705481956799
3197.448,4.899566,0.358707,1.757508621162
3199.377,4.889987,0.3569027,1.7452495632649
3201.305,4.878827,0.3552584,1.7332442738968
3203.234,4.866753,0.353645,1.721102864685
3205.162,4.855636,0.3519975,1.70917173291
3207.091,4.846051,0.3503983,1.6980480321133
3209.019,4.837407,0.3488893,1.6877195420451
3210.948,4.829591,0.3474857,1.6782138093487
3212.876,4.8229,0.3462669,1.67001063201
3214.805,4.816946,0.3452544,1.6630718010624
3216.733,4.811186,0.3443795,1.656873829087
3218.662,4.805941,0.3435682,1.6511684986762
3220.59,4.801525,0.3427596,1.64576878839
3222.519,4.797426,0.3419599,1.6405273152174
3224.447,4.793607,0.3412076,1.6356151398132
3226.376,4.79094,0.3404799,1.631218772106
3228.304,4.789615,0.3398433,1.6277185673295
3230.233,4.788996,0.3394393,1.6255734499428
3232.161,4.788751,0.3391705,1.6242030710455
3234.09,4.788629,0.338862,1.622684400198
3236.018,4.788353,0.3385692,1.6211888445276
3237.947,4.788282,0.3382728,1.6197455593296
3239.875,4.78875,0.3378281,1.617774313875
3241.804,4.789427,0.3374369,1.6161293996563
3243.732,4.790189,0.3374059,1.6162380307151
3245.661,4.791229,0.3375863,1.6174532705627
3247.589,4.792565,0.3376791,1.6183490358915
3249.518,4.794353,0.3376475,1.6188013045675
3251.446,4.796463,0.3375774,1.6191775087362
3253.375,4.798056,0.3376107,1.6198750447992
3255.303,4.799148,0.337871,1.621492933908
3257.232,4.800996,0.3382287,1.6238346357852
3259.16,4.803943,0.3384948,1.6261097249964
3261.089,4.807106,0.3387072,1.6282014133632
3263.017,4.810207,0.3389447,1.6303941685529
3264.946,4.813673,0.3392145,1.6328676798585
3266.874,4.817464,0.3395295,1.635671143188
3268.802,4.820964,0.3398128,1.6382252755392
3270.731,4.823792,0.3399834,1.6400092050528
3272.66,4.826529,0.3401531,1.6417588015899
3274.588,4.830017,0.3403992,1.6441339227864
3276.517,4.833844,0.340612,1.646465272528
3278.445,4.83696,0.3407912,1.648393402752
3280.374,4.839452,0.3411037,1.6507549831724
3282.302,4.842168,0.341592,1.654045851456
3284.23,4.845489,0.3420725,1.6575085359525
3286.159,4.849166,0.3423267,1.6599989945322
3288.088,4.852427,0.3424052,1.6614962374204
3290.016,4.8547,0.3426357,1.66339353279
3291.945,4.856431,0.3431399,1.6664352476969
3293.873,4.858096,0.3436462,1.6694662296352
3295.802,4.859649,0.3439411,1.6714330226739
3297.73,4.861589,0.3441087,1.6729150707243
3299.658,4.864281,0.344348,1.675005433788
3301.587,4.86676,0.3448037,1.678076855012
3303.516,4.86831,0.3453843,1.681437841533
3305.444,4.869263,0.3458102,1.6838408118826
3307.373,4.869686,0.3460148,1.6849834273528
3309.301,4.869726,0.3461479,1.6856454284754
3311.229,4.869957,0.3462869,1.6864023126633
3313.158,4.87008,0.3465573,1.687761775584
3315.086,4.869798,0.3470937,1.6902762060726
3317.015,4.869974,0.3477146,1.6933610614204
3318.944,4.870574,0.3482139,1.6960015677786
3320.872,4.870584,0.3486588,1.6981719727392
3322.801,4.87051,0.3490013,1.699814321663
3324.729,4.871007,0.3491409,1.7006677678863
3326.657,4.870881,0.3493548,1.7016656575788
3328.586,4.869497,0.3498546,1.7036159251362
3330.514,4.86772,0.3504094,1.705694844568
3332.443,4.86582,0.3509042,1.707436674444
3334.372,4.863881,0.3514995,1.7096517395595
3336.3,4.862503,0.3522044,1.7125949516132
3338.229,4.861263,0.3529416,1.7157419412408
3340.157,4.85946,0.3536835,1.71871082091
3342.085,4.857749,0.3542997,1.7210990133753
3344.014,4.856549,0.3547377,1.7228010221973
3345.942,4.855202,0.3551742,1.7244424861884
3347.871,4.853411,0.3557332,1.7265194259452
3349.8,4.85093,0.3564272,1.729003397296
3351.728,4.847269,0.3572958,1.7319088551702
3353.656,4.843052,0.3583143,1.7353347872436
3355.585,4.839126,0.3594073,1.7392172100198
3357.513,4.835011,0.3605423,1.7432259864653
3359.442,4.830535,0.3616455,1.7469412453425
3361.37,4.826518,0.3626896,1.7505278828128
3363.299,4.822873,0.3637995,1.7545587859635
3365.228,4.818847,0.3650236,1.7589928797892
3367.156,4.814428,0.3662977,1.7635139032156
3369.084,4.809616,0.3676273,1.7681461441168
3371.013,4.8042,0.3689781,1.77264458802
3372.941,4.798682,0.3702908,1.7769077967256
3374.87,4.793405,0.3717006,1.781711514543
3376.798,4.787751,0.3733055,1.7872937809305
3378.727,4.781368,0.3749742,1.7928896407056
3380.656,4.774549,0.3767005,1.7985749955745
3382.584,4.7674,0.3786256,1.80505968544
3384.512,4.75995,0.3806796,1.81201586202
3386.441,4.752296,0.3827141,1.8187706865736
3388.369,4.744293,0.3847495,1.8253643596035
3390.298,4.735949,0.3868335,1.8320237274915
3392.226,4.727429,0.3890014,1.8389764994006
3394.155,4.71839,0.391303,1.84632016217
3396.083,4.708607,0.3936279,1.8534390853353
3398.012,4.698742,0.3957962,1.8597442283804
3399.94,4.68928,0.3978659,1.865704607552
3401.869,4.67979,0.4000667,1.872228141993
3403.797,4.669713,0.402542,1.879755610446
3405.726,4.658679,0.4052762,1.8880517221398
3407.654,4.646432,0.4081293,1.8963450396576
3409.583,4.633207,0.4109177,1.9038667640639
3411.511,4.619427,0.4135086,1.9101727915722
3413.44,4.60519,0.4159143,1.915364375217
3415.368,4.590595,0.4183941,1.9206778634895
3417.297,4.575375,0.4212358,1.927311748425
3419.225,4.558353,0.4243482,1.9343288905146
3421.154,4.539044,0.4274396,1.9401671517424
3423.082,4.518867,0.4304842,1.9453008454014
3425.011,4.49908,0.4335653,1.950644969924
3426.939,4.479029,0.4365976,1.9555333117304
3428.868,4.457524,0.439576,1.959420569824
3430.796,4.434707,0.4426692,1.9631081999244
3432.725,4.412162,0.4459178,1.9674615722836
3434.653,4.391629,0.4491994,1.9727171118226
3436.582,4.37355,0.4524265,1.978709919075
3438.51,4.357601,0.4556001,1.9853234513601
3440.439,4.344253,0.4587923,1.9931098256519
3442.367,4.333922,0.4620646,2.0025519353612
3444.296,4.325585,0.4653729,2.0130100356465
3446.224,4.318368,0.4686467,2.0237889125856
3448.153,4.312617,0.4718519,2.0349165254223
3450.081,4.30787,0.4749669,2.046095659503
3452.01,4.302413,0.4780893,2.0569376194809
3453.938,4.295642,0.481425,2.06802944985
3455.867,4.288353,0.4850001,2.0798516338353
3457.795,4.280858,0.488604,2.091644342232
3459.724,4.272835,0.4920724,2.102544173254
3461.652,4.264449,0.4954145,2.1126698691105
3463.581,4.256281,0.4987328,2.1227469407168
3465.509,4.248555,0.5021464,2.133396598452
3467.438,4.241251,0.5056679,2.1446644865429
3469.366,4.234684,0.5091516,2.1560961340944
3471.295,4.229273,0.5124967,2.1674884558991
3473.223,4.225187,0.5158043,2.1793696229041
3475.152,4.222558,0.5191931,2.1923229779498
3477.08,4.220965,0.5226294,2.206000405371
3479.009,4.219144,0.5260897,2.2196482012168
3480.937,4.217071,0.5296256,2.2334687586176
3482.866,4.216691,0.5331318,2.2480520628738
3484.794,4.218529,0.5364556,2.2630535058124
3486.723,4.220891,0.539766,2.278293451506
3488.651,4.223619,0.5432823,2.2946174446437
3490.58,4.227884,0.5468668,2.3120893938512
3492.508,4.232642,0.5503994,2.3296436172148
3494.437,4.236381,0.553998,2.346946601238
3496.365,4.240046,0.5575636,2.3640953119256
3498.294,4.244342,0.5609491,2.3808598249922
3500.222,4.248092,0.56449,2.39800545308
3502.151,4.251287,0.5684418,2.4166092345966
3504.079,4.255322,0.5723586,2.4355701424692
3506.008,4.260064,0.5757816,2.4528664660224
3507.936,4.264277,0.5789348,2.4687383521396
3509.865,4.267737,0.5823201,2.4851890366137
3511.793,4.270871,0.5861007,2.5031604827097
3513.722,4.273861,0.5899855,2.5215160190155
3515.65,4.276734,0.5936377,2.5388305352718
3517.579,4.279086,0.5971796,2.5553828658456
3519.507,4.280058,0.6009529,2.5721132672682
3521.436,4.279411,0.6048754,2.5885104403894
3523.364,4.27801,0.6086113,2.603645227513
3525.293,4.27694,0.6121177,2.617990675838
3527.221,4.27652,0.6155678,2.632488008056
3529.15,4.276216,0.6190883,2.6473552938728
3531.078,4.27512,0.6227263,2.662229659656
3533.007,4.27262,0.6264312,2.676502473744
3534.935,4.269047,0.6301877,2.6903009101219
3536.864,4.265153,0.6340933,2.7045049407749
3538.792,4.2607,0.6380447,2.71851705329
3540.721,4.254569,0.6417474,2.7303585938706
3542.649,4.246504,0.6452384,2.7400074465536
3544.578,4.237831,0.6488668,2.7497878399108
3546.506,4.230342,0.65271,2.76118652682
3548.435,4.22455,0.6564853,2.773354974115
3550.363,4.219049,0.6600333,2.7847128343317
3552.292,4.212427,0.6635886,2.7953185355322
3554.22,4.204943,0.6674141,2.8064382478963
3556.149,4.196863,0.6713139,2.8174124682957
3558.077,4.187375,0.6749371,2.8262147391125
3560.006,4.176322,0.6784,2.8332168448
3561.934,4.163625,0.6819779,2.8395002338875
3563.863,4.148258,0.68556,2.84387975448
3565.791,4.132156,0.6890607,2.8473063058692
3567.72,4.120697,0.6927393,2.8545687552921
3569.648,4.114789,0.6965968,2.8663488500752
3571.577,4.108955,0.7001979,2.8770816621945
3573.505,4.099617,0.7033864,2.8836148430088
3575.434,4.088054,0.7065535,2.888428861889
3577.362,4.07591,0.7100581,2.894132910371
3579.291,4.064115,0.7137638,2.900818166037
3581.219,4.052809,0.7173398,2.9072411974982
3583.148,4.039238,0.7208136,2.9115376840368
3585.076,4.021822,0.7244467,2.9135956758874
3587.005,4.006055,0.7281898,2.917168389239
3588.933,3.998041,0.7317592,2.9256032837272
3590.862,3.994666,0.7350961,2.9364633974026
3592.79,3.98891,0.7383447,2.945190557277
3594.719,3.980505,0.7416266,2.952048389433
3596.647,3.973009,0.7450204,2.9599727543836
3598.576,3.96628,0.74853,2.9688795684
3600.504,3.959091,0.7520619,2.9774814997329
3602.433,3.951995,0.7554898,2.985691912151
3604.361,3.943159,0.7587406,2.9918348255554
3606.29,3.93002,0.7619426,2.994449656852
3608.218,3.916092,0.7653087,2.9970192776004
3610.146,3.907003,0.7687813,3.0036308454439
3612.075,3.902082,0.7722314,3.0133102457748
3614.004,3.896698,0.7757955,3.023040773259
3615.932,3.888341,0.7794236,3.0306647402476
3617.861,3.878461,0.7827434,3.0358397499074
3619.789,3.872561,0.7857883,3.0430131248363
3621.718,3.873099,0.7889687,3.0557538830013
3623.646,3.870448,0.7923804,3.0668671344192
3625.574,3.854049,0.7959846,3.0677636516454
3627.503,3.832136,0.7998309,3.0650607858024
3629.432,3.82296,0.8036503,3.072322950888
3631.36,3.828809,0.8071583,3.0904549634647
3633.289,3.835919,0.8106263,3.1094968260697
3635.217,3.835763,0.8143554,3.1236743121702
3637.146,3.831226,0.8182295,3.134822134367
3639.074,3.826238,0.8221813,3.1458613329494
3641.002,3.820898,0.8263412,3.1573654383976
3642.931,3.812628,0.8306941,3.1671275850948
3644.86,3.796567,0.8350954,3.1704956374918
3646.788,3.773413,0.8394884,3.1677364419092
3648.717,3.757407,0.8439161,3.1709362615527
3650.645,3.760285,0.8483678,3.190104712823
3652.573,3.771219,0.8526665,3.2155921054635
3654.502,3.774259,0.856734,3.233536010106
3656.43,3.773545,0.860821,3.248346780445
3658.359,3.777691,0.8651492,3.2682663464972
3660.288,3.781121,0.869649,3.288248096529
3662.216,3.779711,0.87419,3.30418555909
3664.145,3.776567,0.8786388,3.3182382969996
3666.073,3.767808,0.8828935,3.326573192448
3668.001,3.752194,0.8871106,3.3286110706564
3669.93,3.741117,0.8914542,3.3350344623414
3671.858,3.737385,0.8958015,3.3479550890775
3673.787,3.733179,0.9000097,3.3598973118363
3675.716,3.734129,0.9038997,3.3752780828613
3677.644,3.749076,0.9072015,3.401167370814
3679.573,3.767945,0.9101977,3.4295748727265
3681.501,3.778436,0.9135388,3.4517478893168
3683.429,3.779956,0.9170876,3.4665507761456
3685.358,3.772177,0.9201613,3.4710112921501
3687.286,3.760182,0.9227182,3.4695883667124
3689.215,3.760275,0.9251559,3.4788406018725
3691.144,3.776844,0.9275547,3.5032294033668
3693.072,3.795929,0.9298204,3.5295322211516
3695,3.808819,0.9318958,3.5494224290602
3696.929,3.816665,0.9337496,3.563809417084
3698.857,3.820108,0.9355333,3.5738382435964
3700.786,3.822868,0.937353,3.583376788404
3702.714,3.830538,0.9389523,3.5966924653374
3704.643,3.840141,0.9401304,3.6102332943864
3706.572,3.843988,0.9411425,3.61774047629
3708.5,3.840538,0.9423563,3.6191551796894
3710.428,3.836785,0.9437958,3.621141568503
3712.357,3.842817,0.9451289,3.6319574041113
3714.285,3.858853,0.9461249,3.6509569087397
3716.214,3.872203,0.9470027,3.6669866959481
3718.142,3.875837,0.9479571,3.6741272025927
3720.071,3.875635,0.9487366,3.676956772741
3722,3.875191,0.949241,3.678490180031
3723.928,3.873451,0.9498402,3.6791594725302
3725.856,3.872318,0.9506441,3.6811962600238
3727.785,3.870573,0.9512972,3.6820652572956
3729.713,3.863926,0.9516393,3.6770638338918
3731.642,3.856068,0.9518852,3.6705340593936
3733.57,3.855553,0.9522941,3.6716203741373
3735.499,3.86924,0.9529186,3.687070763864
3737.427,3.900843,0.9534996,3.7194522401628
3739.356,3.938701,0.9538094,3.7567700375894
3741.284,3.961815,0.9540331,3.7797026460765
3743.213,3.975052,0.9543736,3.7936846874272
3745.141,4.002316,0.9547414,3.8211767810824
3747.07,4.03969,0.9551352,3.858450116088
3748.998,4.066302,0.9555788,3.8856719855976
3750.927,4.090573,0.955771,3.909651046783
3752.855,4.131032,0.9556365,3.947764961868
3754.784,4.17606,0.9556393,3.990807055158
3756.712,4.207099,0.9559281,4.0216841535819
3758.641,4.229022,0.9561225,4.043463087195
3760.569,4.251281,0.9561501,4.0648627532781
3762.498,4.271816,0.9563268,4.0852521254688
3764.426,4.288206,0.9567524,4.1027513821944
3766.355,4.301759,0.9572838,4.1180042022042
3768.283,4.314965,0.9577112,4.132490308108
3770.212,4.332775,0.9577915,4.1498950664125
3772.14,4.355381,0.957616,4.170782531696
3774.069,4.374542,0.9576392,4.1892329012464
3775.997,4.3866,0.9579428,4.20211188648
3777.926,4.397275,0.9581275,4.2131501025625
3779.854,4.410686,0.958092,4.225842971112
3781.783,4.425847,0.9581175,4.2404814630225
3783.711,4.440889,0.958267,4.255557379363
3785.64,4.45439,0.9584014,4.269093612146
3787.568,4.467164,0.9585161,4.2818486153404
3789.497,4.480359,0.9586483,4.2950885387397
3791.425,4.490821,0.9588428,4.3059913819388
3793.354,4.496817,0.9592096,4.3133900358432
3795.282,4.501173,0.9596738,4.3196577973674
3797.211,4.501856,0.9599748,4.3216683132288
3799.139,4.4971,0.9600661,4.31751325831
3801.068,4.498247,0.9600758,4.3186580871226
3802.996,4.512856,0.9600185,4.332425247836
3804.925,4.529634,0.9599472,4.3482094753248
3806.853,4.542709,0.9600127,4.3610583324043
3808.782,4.560581,0.9601755,4.3789581419655
3810.71,4.577473,0.9602932,4.3957161950836
3812.639,4.577545,0.9603838,4.396200061771
3814.567,4.568616,0.9604687,4.3880126703192
3816.496,4.569844,0.9604749,4.3892204589156
3818.424,4.579737,0.9604377,4.3985520708849
3820.353,4.589662,0.9604771,4.4082652477402
3822.281,4.603432,0.9606342,4.4222142165744
3824.21,4.621963,0.9608485,4.4410062156055
3826.138,4.636044,0.960945,4.45498330158
3828.067,4.642685,0.960814,4.46075674559
3829.995,4.646618,0.9607259,4.4641262600062
3831.924,4.647571,0.9610422,4.4665118584962
3833.852,4.641478,0.9616324,4.4633956286872
3835.781,4.63161,0.9620688,4.455927474768
3837.709,4.629968,0.9622147,4.4550232701296
3839.638,4.643909,0.9622054,4.4683943169086
3841.566,4.665059,0.9621283,4.4883852850697
3843.495,4.681338,0.9620351,4.5036114709638
3845.423,4.692358,0.9620148,4.5141178428984
3847.352,4.696185,0.9620886,4.518146051991
3849.28,4.678798,0.9621687,4.5017929892226
3851.209,4.6429,0.9622048,4.46742066592
3853.137,4.623581,0.9622755,4.4491587185655
3855.066,4.64491,0.9624579,4.470530324289
3856.994,4.684536,0.9626734,4.5096781985424
3858.923,4.707055,0.9627663,4.5317939262465
3860.851,4.708035,0.9626662,4.532266162917
3862.78,4.704141,0.9624523,4.5275113249743
3864.708,4.702676,0.9623025,4.52539687149
3866.637,4.700082,0.9623038,4.5229067689116
3868.565,4.696901,0.9623317,4.5199767240617
3870.494,4.699811,0.9622791,4.5225298992501
3872.422,4.711291,0.9622701,4.5335344616991
3874.351,4.724041,0.9624058,4.5464444578378
3876.279,4.729643,0.9625106,4.5523315217158
3878.208,4.729191,0.9624147,4.5514429375077
3880.136,4.727758,0.9622858,4.5494543892364
3882.065,4.724818,0.9623919,4.5471265721742
3883.993,4.720657,0.9626491,4.5443362124587
3885.922,4.721083,0.9627222,4.5450914121426
3887.85,4.725954,0.9625701,4.5490620143754
3889.779,4.728808,0.9624582,4.5512800358256
3891.707,4.731245,0.9624206,4.553447651647
3893.636,4.737823,0.9622866,4.5591435860718
3895.564,4.741493,0.9622003,4.5622659870479
3897.493,4.73438,0.9624436,4.556573730968
3899.421,4.722458,0.9628532,4.5470337971656
3901.35,4.715811,0.9630137,4.5413905996107
3903.278,4.717821,0.9628633,4.5426166968693
3905.207,4.727376,0.9626793,4.5509470185168
3907.135,4.739081,0.9626315,4.5619886516515
3909.064,4.745819,0.962612,4.568382319228
3910.992,4.746827,0.9624812,4.5687317471524
3912.921,4.744822,0.9623518,4.5661879923796
3914.849,4.739701,0.962439,4.561673090739
3916.778,4.733914,0.9626836,4.5572613716104
3918.706,4.732784,0.9627956,4.5567036109504
3920.635,4.73517,0.9626042,4.558094529714
3922.563,4.736063,0.9622054,4.5570653933402
3924.492,4.735391,0.961901,4.554977338291
3926.42,4.734562,0.9619436,4.5543816147032
3928.349,4.732196,0.962227,4.553446760492
3930.277,4.728474,0.9624556,4.5509462807544
3932.206,4.726065,0.9625301,4.5489798170565
3934.134,4.726132,0.9624741,4.5487796431812
3936.063,4.727254,0.9623108,4.5490875785432
3937.991,4.726653,0.9622111,4.5480379824483
3939.92,4.722996,0.962316,4.545014618736
3941.848,4.718587,0.962466,4.541479555542
3943.777,4.715679,0.9625068,4.5388731041172
3945.705,4.713236,0.9625194,4.5365810867784
3947.634,4.710524,0.9625372,4.5340545814928
3949.562,4.708741,0.9625161,4.5322390232301
3951.49,4.707543,0.962548,4.531236099564
3953.419,4.705266,0.9626987,4.5297534613542
3955.348,4.701915,0.9628299,4.5271443492585
3957.276,4.698623,0.9627676,4.5236819890148
3959.205,4.695884,0.9625043,4.5198085423012
3961.133,4.693363,0.9622635,4.5162519071505
3963.062,4.690289,0.9623222,4.5135692291158
3964.99,4.686402,0.9626175,4.511212577235
3966.918,4.682127,0.9628189,4.5080403678003
3968.847,4.677581,0.9628592,4.5038518995952
3970.776,4.672978,0.9629136,4.4996740687008
3972.704,4.669146,0.9629683,4.4962395860718
3974.633,4.666156,0.962925,4.4931582663
3976.561,4.663106,0.9628445,4.489845965017
3978.49,4.659451,0.9627576,4.4859218620776
3980.418,4.654931,0.9626704,4.4811642877424
3982.346,4.649547,0.9627652,4.4764220473644
3984.275,4.644426,0.963075,4.47293056995
3986.204,4.64061,0.9632376,4.470010038936
3988.132,4.637221,0.9631169,4.4661859141349
3990.061,4.632717,0.9631219,4.4618711992023
3991.989,4.6272,0.9634274,4.45797126528
3993.917,4.622146,0.9636139,4.4539641334294
3995.846,4.618178,0.963496,4.449596030288
3997.774,4.614253,0.9634859,4.4457677045327
3999.703,4.609565,0.9638219,4.4427996964735